          64         225
     1     8
  1.000000    0.875000    0.750000    0.750000    0.750000    0.875000    1.000000    1.000000
  1.000000    1.000000    1.000000    0.875000    0.750000    0.750000    0.750000    0.875000
     2     8
  0.750000    0.625000    0.500000    0.500000    0.500000    0.625000    0.750000    0.750000
  1.000000    1.000000    1.000000    0.875000    0.750000    0.750000    0.750000    0.875000
     3     8
  0.500000    0.375000    0.250000    0.250000    0.250000    0.375000    0.500000    0.500000
  1.000000    1.000000    1.000000    0.875000    0.750000    0.750000    0.750000    0.875000
     4     8
  0.250000    0.125000    0.000000    0.000000    0.000000    0.125000    0.250000    0.250000
  1.000000    1.000000    1.000000    0.875000    0.750000    0.750000    0.750000    0.875000
     5     8
  0.000000   -0.125000   -0.250000   -0.250000   -0.250000   -0.125000    0.000000    0.000000
  1.000000    1.000000    1.000000    0.875000    0.750000    0.750000    0.750000    0.875000
     6     8
 -0.250000   -0.375000   -0.500000   -0.500000   -0.500000   -0.375000   -0.250000   -0.250000
  1.000000    1.000000    1.000000    0.875000    0.750000    0.750000    0.750000    0.875000
     7     8
 -0.500000   -0.625000   -0.750000   -0.750000   -0.750000   -0.625000   -0.500000   -0.500000
  1.000000    1.000000    1.000000    0.875000    0.750000    0.750000    0.750000    0.875000
     8     8
 -0.750000   -0.875000   -1.000000   -1.000000   -1.000000   -0.875000   -0.750000   -0.750000
  1.000000    1.000000    1.000000    0.875000    0.750000    0.750000    0.750000    0.875000
     9     8
  1.000000    0.875000    0.750000    0.750000    0.750000    0.875000    1.000000    1.000000
  0.750000    0.750000    0.750000    0.625000    0.500000    0.500000    0.500000    0.625000
    10     8
  0.750000    0.625000    0.500000    0.500000    0.500000    0.625000    0.750000    0.750000
  0.750000    0.750000    0.750000    0.625000    0.500000    0.500000    0.500000    0.625000
    11     8
  0.500000    0.375000    0.250000    0.250000    0.250000    0.375000    0.500000    0.500000
  0.750000    0.750000    0.750000    0.625000    0.500000    0.500000    0.500000    0.625000
    12     8
  0.250000    0.125000    0.000000    0.000000    0.000000    0.125000    0.250000    0.250000
  0.750000    0.750000    0.750000    0.625000    0.500000    0.500000    0.500000    0.625000
    13     8
  0.000000   -0.125000   -0.250000   -0.250000   -0.250000   -0.125000    0.000000    0.000000
  0.750000    0.750000    0.750000    0.625000    0.500000    0.500000    0.500000    0.625000
    14     8
 -0.250000   -0.375000   -0.500000   -0.500000   -0.500000   -0.375000   -0.250000   -0.250000
  0.750000    0.750000    0.750000    0.625000    0.500000    0.500000    0.500000    0.625000
    15     8
 -0.500000   -0.625000   -0.750000   -0.750000   -0.750000   -0.625000   -0.500000   -0.500000
  0.750000    0.750000    0.750000    0.625000    0.500000    0.500000    0.500000    0.625000
    16     8
 -0.750000   -0.875000   -1.000000   -1.000000   -1.000000   -0.875000   -0.750000   -0.750000
  0.750000    0.750000    0.750000    0.625000    0.500000    0.500000    0.500000    0.625000
    17     8
  1.000000    0.875000    0.750000    0.750000    0.750000    0.875000    1.000000    1.000000
  0.500000    0.500000    0.500000    0.375000    0.250000    0.250000    0.250000    0.375000
    18     8
  0.750000    0.625000    0.500000    0.500000    0.500000    0.625000    0.750000    0.750000
  0.500000    0.500000    0.500000    0.375000    0.250000    0.250000    0.250000    0.375000
    19     8
  0.500000    0.375000    0.250000    0.250000    0.250000    0.375000    0.500000    0.500000
  0.500000    0.500000    0.500000    0.375000    0.250000    0.250000    0.250000    0.375000
    20     8
  0.250000    0.125000    0.000000    0.000000    0.000000    0.125000    0.250000    0.250000
  0.500000    0.500000    0.500000    0.375000    0.250000    0.250000    0.250000    0.375000
    21     8
  0.000000   -0.125000   -0.250000   -0.250000   -0.250000   -0.125000    0.000000    0.000000
  0.500000    0.500000    0.500000    0.375000    0.250000    0.250000    0.250000    0.375000
    22     8
 -0.250000   -0.375000   -0.500000   -0.500000   -0.500000   -0.375000   -0.250000   -0.250000
  0.500000    0.500000    0.500000    0.375000    0.250000    0.250000    0.250000    0.375000
    23     8
 -0.500000   -0.625000   -0.750000   -0.750000   -0.750000   -0.625000   -0.500000   -0.500000
  0.500000    0.500000    0.500000    0.375000    0.250000    0.250000    0.250000    0.375000
    24     8
 -0.750000   -0.875000   -1.000000   -1.000000   -1.000000   -0.875000   -0.750000   -0.750000
  0.500000    0.500000    0.500000    0.375000    0.250000    0.250000    0.250000    0.375000
    25     8
  1.000000    0.875000    0.750000    0.750000    0.750000    0.875000    1.000000    1.000000
  0.250000    0.250000    0.250000    0.125000    0.000000    0.000000    0.000000    0.125000
    26     8
  0.750000    0.625000    0.500000    0.500000    0.500000    0.625000    0.750000    0.750000
  0.250000    0.250000    0.250000    0.125000    0.000000    0.000000    0.000000    0.125000
    27     8
  0.500000    0.375000    0.250000    0.250000    0.250000    0.375000    0.500000    0.500000
  0.250000    0.250000    0.250000    0.125000    0.000000    0.000000    0.000000    0.125000
    28     8
  0.250000    0.125000    0.000000    0.000000    0.000000    0.125000    0.250000    0.250000
  0.250000    0.250000    0.250000    0.125000    0.000000    0.000000    0.000000    0.125000
    29     8
  0.000000   -0.125000   -0.250000   -0.250000   -0.250000   -0.125000    0.000000    0.000000
  0.250000    0.250000    0.250000    0.125000    0.000000    0.000000    0.000000    0.125000
    30     8
 -0.250000   -0.375000   -0.500000   -0.500000   -0.500000   -0.375000   -0.250000   -0.250000
  0.250000    0.250000    0.250000    0.125000    0.000000    0.000000    0.000000    0.125000
    31     8
 -0.500000   -0.625000   -0.750000   -0.750000   -0.750000   -0.625000   -0.500000   -0.500000
  0.250000    0.250000    0.250000    0.125000    0.000000    0.000000    0.000000    0.125000
    32     8
 -0.750000   -0.875000   -1.000000   -1.000000   -1.000000   -0.875000   -0.750000   -0.750000
  0.250000    0.250000    0.250000    0.125000    0.000000    0.000000    0.000000    0.125000
    33     8
  1.000000    0.875000    0.750000    0.750000    0.750000    0.875000    1.000000    1.000000
  0.000000    0.000000    0.000000   -0.125000   -0.250000   -0.250000   -0.250000   -0.125000
    34     8
  0.750000    0.625000    0.500000    0.500000    0.500000    0.625000    0.750000    0.750000
  0.000000    0.000000    0.000000   -0.125000   -0.250000   -0.250000   -0.250000   -0.125000
    35     8
  0.500000    0.375000    0.250000    0.250000    0.250000    0.375000    0.500000    0.500000
  0.000000    0.000000    0.000000   -0.125000   -0.250000   -0.250000   -0.250000   -0.125000
    36     8
  0.250000    0.125000    0.000000    0.000000    0.000000    0.125000    0.250000    0.250000
  0.000000    0.000000    0.000000   -0.125000   -0.250000   -0.250000   -0.250000   -0.125000
    37     8
  0.000000   -0.125000   -0.250000   -0.250000   -0.250000   -0.125000    0.000000    0.000000
  0.000000    0.000000    0.000000   -0.125000   -0.250000   -0.250000   -0.250000   -0.125000
    38     8
 -0.250000   -0.375000   -0.500000   -0.500000   -0.500000   -0.375000   -0.250000   -0.250000
  0.000000    0.000000    0.000000   -0.125000   -0.250000   -0.250000   -0.250000   -0.125000
    39     8
 -0.500000   -0.625000   -0.750000   -0.750000   -0.750000   -0.625000   -0.500000   -0.500000
  0.000000    0.000000    0.000000   -0.125000   -0.250000   -0.250000   -0.250000   -0.125000
    40     8
 -0.750000   -0.875000   -1.000000   -1.000000   -1.000000   -0.875000   -0.750000   -0.750000
  0.000000    0.000000    0.000000   -0.125000   -0.250000   -0.250000   -0.250000   -0.125000
    41     8
  1.000000    0.875000    0.750000    0.750000    0.750000    0.875000    1.000000    1.000000
 -0.250000   -0.250000   -0.250000   -0.375000   -0.500000   -0.500000   -0.500000   -0.375000
    42     8
  0.750000    0.625000    0.500000    0.500000    0.500000    0.625000    0.750000    0.750000
 -0.250000   -0.250000   -0.250000   -0.375000   -0.500000   -0.500000   -0.500000   -0.375000
    43     8
  0.500000    0.375000    0.250000    0.250000    0.250000    0.375000    0.500000    0.500000
 -0.250000   -0.250000   -0.250000   -0.375000   -0.500000   -0.500000   -0.500000   -0.375000
    44     8
  0.250000    0.125000    0.000000    0.000000    0.000000    0.125000    0.250000    0.250000
 -0.250000   -0.250000   -0.250000   -0.375000   -0.500000   -0.500000   -0.500000   -0.375000
    45     8
  0.000000   -0.125000   -0.250000   -0.250000   -0.250000   -0.125000    0.000000    0.000000
 -0.250000   -0.250000   -0.250000   -0.375000   -0.500000   -0.500000   -0.500000   -0.375000
    46     8
 -0.250000   -0.375000   -0.500000   -0.500000   -0.500000   -0.375000   -0.250000   -0.250000
 -0.250000   -0.250000   -0.250000   -0.375000   -0.500000   -0.500000   -0.500000   -0.375000
    47     8
 -0.500000   -0.625000   -0.750000   -0.750000   -0.750000   -0.625000   -0.500000   -0.500000
 -0.250000   -0.250000   -0.250000   -0.375000   -0.500000   -0.500000   -0.500000   -0.375000
    48     8
 -0.750000   -0.875000   -1.000000   -1.000000   -1.000000   -0.875000   -0.750000   -0.750000
 -0.250000   -0.250000   -0.250000   -0.375000   -0.500000   -0.500000   -0.500000   -0.375000
    49     8
  1.000000    0.875000    0.750000    0.750000    0.750000    0.875000    1.000000    1.000000
 -0.500000   -0.500000   -0.500000   -0.625000   -0.750000   -0.750000   -0.750000   -0.625000
    50     8
  0.750000    0.625000    0.500000    0.500000    0.500000    0.625000    0.750000    0.750000
 -0.500000   -0.500000   -0.500000   -0.625000   -0.750000   -0.750000   -0.750000   -0.625000
    51     8
  0.500000    0.375000    0.250000    0.250000    0.250000    0.375000    0.500000    0.500000
 -0.500000   -0.500000   -0.500000   -0.625000   -0.750000   -0.750000   -0.750000   -0.625000
    52     8
  0.250000    0.125000    0.000000    0.000000    0.000000    0.125000    0.250000    0.250000
 -0.500000   -0.500000   -0.500000   -0.625000   -0.750000   -0.750000   -0.750000   -0.625000
    53     8
  0.000000   -0.125000   -0.250000   -0.250000   -0.250000   -0.125000    0.000000    0.000000
 -0.500000   -0.500000   -0.500000   -0.625000   -0.750000   -0.750000   -0.750000   -0.625000
    54     8
 -0.250000   -0.375000   -0.500000   -0.500000   -0.500000   -0.375000   -0.250000   -0.250000
 -0.500000   -0.500000   -0.500000   -0.625000   -0.750000   -0.750000   -0.750000   -0.625000
    55     8
 -0.500000   -0.625000   -0.750000   -0.750000   -0.750000   -0.625000   -0.500000   -0.500000
 -0.500000   -0.500000   -0.500000   -0.625000   -0.750000   -0.750000   -0.750000   -0.625000
    56     8
 -0.750000   -0.875000   -1.000000   -1.000000   -1.000000   -0.875000   -0.750000   -0.750000
 -0.500000   -0.500000   -0.500000   -0.625000   -0.750000   -0.750000   -0.750000   -0.625000
    57     8
  1.000000    0.875000    0.750000    0.750000    0.750000    0.875000    1.000000    1.000000
 -0.750000   -0.750000   -0.750000   -0.875000   -1.000000   -1.000000   -1.000000   -0.875000
    58     8
  0.750000    0.625000    0.500000    0.500000    0.500000    0.625000    0.750000    0.750000
 -0.750000   -0.750000   -0.750000   -0.875000   -1.000000   -1.000000   -1.000000   -0.875000
    59     8
  0.500000    0.375000    0.250000    0.250000    0.250000    0.375000    0.500000    0.500000
 -0.750000   -0.750000   -0.750000   -0.875000   -1.000000   -1.000000   -1.000000   -0.875000
    60     8
  0.250000    0.125000    0.000000    0.000000    0.000000    0.125000    0.250000    0.250000
 -0.750000   -0.750000   -0.750000   -0.875000   -1.000000   -1.000000   -1.000000   -0.875000
    61     8
  0.000000   -0.125000   -0.250000   -0.250000   -0.250000   -0.125000    0.000000    0.000000
 -0.750000   -0.750000   -0.750000   -0.875000   -1.000000   -1.000000   -1.000000   -0.875000
    62     8
 -0.250000   -0.375000   -0.500000   -0.500000   -0.500000   -0.375000   -0.250000   -0.250000
 -0.750000   -0.750000   -0.750000   -0.875000   -1.000000   -1.000000   -1.000000   -0.875000
    63     8
 -0.500000   -0.625000   -0.750000   -0.750000   -0.750000   -0.625000   -0.500000   -0.500000
 -0.750000   -0.750000   -0.750000   -0.875000   -1.000000   -1.000000   -1.000000   -0.875000
    64     8
 -0.750000   -0.875000   -1.000000   -1.000000   -1.000000   -0.875000   -0.750000   -0.750000
 -0.750000   -0.750000   -0.750000   -0.875000   -1.000000   -1.000000   -1.000000   -0.875000
