          24          93
 1  8
  0.500000    0.375000    0.250000    0.250000    0.250000    0.375000    0.500000    0.500000
  0.500000    0.500000    0.500000    0.416667    0.333333    0.333333    0.333333    0.416667
 2  8
  0.250000    0.125000    0.000000    0.000000    0.000000    0.125000    0.250000    0.250000
  0.500000    0.500000    0.500000    0.416667    0.333333    0.333333    0.333333    0.416667
 3  8
  0.000000   -0.125000   -0.250000   -0.250000   -0.250000   -0.125000    0.000000    0.000000
  0.500000    0.500000    0.500000    0.416667    0.333333    0.333333    0.333333    0.416667
 4  8
 -0.250000   -0.375000   -0.500000   -0.500000   -0.500000   -0.375000   -0.250000   -0.250000
  0.500000    0.500000    0.500000    0.416667    0.333333    0.333333    0.333333    0.416667
 5  8
  0.500000    0.375000    0.250000    0.250000    0.250000    0.375000    0.500000    0.500000
  0.333333    0.333333    0.333333    0.250000    0.166667    0.166667    0.166667    0.250000
 6  8
  0.250000    0.125000    0.000000    0.000000    0.000000    0.125000    0.250000    0.250000
  0.333333    0.333333    0.333333    0.250000    0.166667    0.166667    0.166667    0.250000
 7  8
  0.000000   -0.125000   -0.250000   -0.250000   -0.250000   -0.125000    0.000000    0.000000
  0.333333    0.333333    0.333333    0.250000    0.166667    0.166667    0.166667    0.250000
8   8
 -0.250000   -0.375000   -0.500000   -0.500000   -0.500000   -0.375000   -0.250000   -0.250000
  0.333333    0.333333    0.333333    0.250000    0.166667    0.166667    0.166667    0.250000
9   8
  0.500000    0.375000    0.250000    0.250000    0.250000    0.375000    0.500000    0.500000
  0.166667    0.166667    0.166667    0.083333    0.000000    0.000000    0.000000    0.083333
10   8
  0.250000    0.125000    0.000000    0.000000    0.000000    0.125000    0.250000    0.250000
  0.166667    0.166667    0.166667    0.083333    0.000000    0.000000    0.000000    0.083333
11   8
  0.000000   -0.125000   -0.250000   -0.250000   -0.250000   -0.125000    0.000000    0.000000
  0.166667    0.166667    0.166667    0.083333    0.000000    0.000000    0.000000    0.083333
12   8
 -0.250000   -0.375000   -0.500000   -0.500000   -0.500000   -0.375000   -0.250000   -0.250000
  0.166667    0.166667    0.166667    0.083333    0.000000    0.000000    0.000000    0.083333
13   8
  0.500000    0.375000    0.250000    0.250000    0.250000    0.375000    0.500000    0.500000
  0.000000    0.000000    0.000000   -0.083333   -0.166667   -0.166667   -0.166667   -0.083333
14   8
  0.250000    0.125000    0.000000    0.000000    0.000000    0.125000    0.250000    0.250000
  0.000000    0.000000    0.000000   -0.083333   -0.166667   -0.166667   -0.166667   -0.083333
15   8
  0.000000   -0.125000   -0.250000   -0.250000   -0.250000   -0.125000    0.000000    0.000000
  0.000000    0.000000    0.000000   -0.083333   -0.166667   -0.166667   -0.166667   -0.083333
16   8
 -0.250000   -0.375000   -0.500000   -0.500000   -0.500000   -0.375000   -0.250000   -0.250000
  0.000000    0.000000    0.000000   -0.083333   -0.166667   -0.166667   -0.166667   -0.083333
17   8
  0.500000    0.375000    0.250000    0.250000    0.250000    0.375000    0.500000    0.500000
 -0.166667   -0.166667   -0.166667   -0.250000   -0.333333   -0.333333   -0.333333   -0.250000
18   8
  0.250000    0.125000    0.000000    0.000000    0.000000    0.125000    0.250000    0.250000
 -0.166667   -0.166667   -0.166667   -0.250000   -0.333333   -0.333333   -0.333333   -0.250000
19   8
  0.000000   -0.125000   -0.250000   -0.250000   -0.250000   -0.125000    0.000000    0.000000
 -0.166667   -0.166667   -0.166667   -0.250000   -0.333333   -0.333333   -0.333333   -0.250000
20   8
 -0.250000   -0.375000   -0.500000   -0.500000   -0.500000   -0.375000   -0.250000   -0.250000
 -0.166667   -0.166667   -0.166667   -0.250000   -0.333333   -0.333333   -0.333333   -0.250000
21   8
  0.500000    0.375000    0.250000    0.250000    0.250000    0.375000    0.500000    0.500000
 -0.333333   -0.333333   -0.333333   -0.416667   -0.500000   -0.500000   -0.500000   -0.416667
22   8
  0.250000    0.125000    0.000000    0.000000    0.000000    0.125000    0.250000    0.250000
 -0.333333   -0.333333   -0.333333   -0.416667   -0.500000   -0.500000   -0.500000   -0.416667
23   8
  0.000000   -0.125000   -0.250000   -0.250000   -0.250000   -0.125000    0.000000    0.000000
 -0.333333   -0.333333   -0.333333   -0.416667   -0.500000   -0.500000   -0.500000   -0.416667
24   8
 -0.250000   -0.375000   -0.500000   -0.500000   -0.500000   -0.375000   -0.250000   -0.250000
 -0.333333   -0.333333   -0.333333   -0.416667   -0.500000   -0.500000   -0.500000   -0.416667
