    1    1   65  129    0    0
    2    1  129    0    0    0
    3    1    2  129  130    0
    4    1    2    0    0    0
    5    1    2    9   10    0
    6    1    9    0    0    0
    7    1    9   65   66    0
    8    1   65    0    0    0
    9    2  130    0    0    0
   10    2    3  130  131    0
   11    2    3    0    0    0
   12    2    3   10   11    0
   13    2   10    0    0    0
   14    3  131    0    0    0
   15    3    4  131  132    0
   16    3    4    0    0    0
   17    3    4   11   12    0
   18    3   11    0    0    0
   19    4  132    0    0    0
   20    4    5  132  133    0
   21    4    5    0    0    0
   22    4    5   12   13    0
   23    4   12    0    0    0
   24    5  133    0    0    0
   25    5    6  133  134    0
   26    5    6    0    0    0
   27    5    6   13   14    0
   28    5   13    0    0    0
   29    6  134    0    0    0
   30    6    7  134  135    0
   31    6    7    0    0    0
   32    6    7   14   15    0
   33    6   14    0    0    0
   34    7  135    0    0    0
   35    7    8  135  136    0
   36    7    8    0    0    0
   37    7    8   15   16    0
   38    7   15    0    0    0
   39    8  136    0    0    0
   40    8   97  136    0    0
   41    8   97    0    0    0
   42    8   16   97   98    0
   43    8   16    0    0    0
   44    9   10    0    0    0
   45    9   10   17   18    0
   46    9   17    0    0    0
   47    9   17   66   67    0
   48    9   66    0    0    0
   49   10   11    0    0    0
   50   10   11   18   19    0
   51   10   18    0    0    0
   52   11   12    0    0    0
   53   11   12   19   20    0
   54   11   19    0    0    0
   55   12   13    0    0    0
   56   12   13   20   21    0
   57   12   20    0    0    0
   58   13   14    0    0    0
   59   13   14   21   22    0
   60   13   21    0    0    0
   61   14   15    0    0    0
   62   14   15   22   23    0
   63   14   22    0    0    0
   64   15   16    0    0    0
   65   15   16   23   24    0
   66   15   23    0    0    0
   67   16   98    0    0    0
   68   16   24   98   99    0
   69   16   24    0    0    0
   70   17   18    0    0    0
   71   17   18   25   26    0
   72   17   25    0    0    0
   73   17   25   67   68    0
   74   17   67    0    0    0
   75   18   19    0    0    0
   76   18   19   26   27    0
   77   18   26    0    0    0
   78   19   20    0    0    0
   79   19   20   27   28    0
   80   19   27    0    0    0
   81   20   21    0    0    0
   82   20   21   28   29    0
   83   20   28    0    0    0
   84   21   22    0    0    0
   85   21   22   29   30    0
   86   21   29    0    0    0
   87   22   23    0    0    0
   88   22   23   30   31    0
   89   22   30    0    0    0
   90   23   24    0    0    0
   91   23   24   31   32    0
   92   23   31    0    0    0
   93   24   99    0    0    0
   94   24   32   99  100    0
   95   24   32    0    0    0
   96   25   26    0    0    0
   97   25   26   33   34    0
   98   25   33    0    0    0
   99   25   33   68   69    0
  100   25   68    0    0    0
  101   26   27    0    0    0
  102   26   27   34   35    0
  103   26   34    0    0    0
  104   27   28    0    0    0
  105   27   28   35   36    0
  106   27   35    0    0    0
  107   28   29    0    0    0
  108   28   29   36   37    0
  109   28   36    0    0    0
  110   29   30    0    0    0
  111   29   30   37   38    0
  112   29   37    0    0    0
  113   30   31    0    0    0
  114   30   31   38   39    0
  115   30   38    0    0    0
  116   31   32    0    0    0
  117   31   32   39   40    0
  118   31   39    0    0    0
  119   32  100    0    0    0
  120   32   40  100  101    0
  121   32   40    0    0    0
  122   33   34    0    0    0
  123   33   34   41   42    0
  124   33   41    0    0    0
  125   33   41   69   70    0
  126   33   69    0    0    0
  127   34   35    0    0    0
  128   34   35   42   43    0
  129   34   42    0    0    0
  130   35   36    0    0    0
  131   35   36   43   44    0
  132   35   43    0    0    0
  133   36   37    0    0    0
  134   36   37   44   45    0
  135   36   44    0    0    0
  136   37   38    0    0    0
  137   37   38   45   46    0
  138   37   45    0    0    0
  139   38   39    0    0    0
  140   38   39   46   47    0
  141   38   46    0    0    0
  142   39   40    0    0    0
  143   39   40   47   48    0
  144   39   47    0    0    0
  145   40  101    0    0    0
  146   40   48  101  102    0
  147   40   48    0    0    0
  148   41   42    0    0    0
  149   41   42   49   50    0
  150   41   49    0    0    0
  151   41   49   70   71    0
  152   41   70    0    0    0
  153   42   43    0    0    0
  154   42   43   50   51    0
  155   42   50    0    0    0
  156   43   44    0    0    0
  157   43   44   51   52    0
  158   43   51    0    0    0
  159   44   45    0    0    0
  160   44   45   52   53    0
  161   44   52    0    0    0
  162   45   46    0    0    0
  163   45   46   53   54    0
  164   45   53    0    0    0
  165   46   47    0    0    0
  166   46   47   54   55    0
  167   46   54    0    0    0
  168   47   48    0    0    0
  169   47   48   55   56    0
  170   47   55    0    0    0
  171   48  102    0    0    0
  172   48   56  102  103    0
  173   48   56    0    0    0
  174   49   50    0    0    0
  175   49   50   57   58    0
  176   49   57    0    0    0
  177   49   57   71   72    0
  178   49   71    0    0    0
  179   50   51    0    0    0
  180   50   51   58   59    0
  181   50   58    0    0    0
  182   51   52    0    0    0
  183   51   52   59   60    0
  184   51   59    0    0    0
  185   52   53    0    0    0
  186   52   53   60   61    0
  187   52   60    0    0    0
  188   53   54    0    0    0
  189   53   54   61   62    0
  190   53   61    0    0    0
  191   54   55    0    0    0
  192   54   55   62   63    0
  193   54   62    0    0    0
  194   55   56    0    0    0
  195   55   56   63   64    0
  196   55   63    0    0    0
  197   56  103    0    0    0
  198   56   64  103  104    0
  199   56   64    0    0    0
  200   57   58    0    0    0
  201   57   58  161  162    0
  202   57  161    0    0    0
  203   57   72  161    0    0
  204   57   72    0    0    0
  205   58   59    0    0    0
  206   58   59  162  163    0
  207   58  162    0    0    0
  208   59   60    0    0    0
  209   59   60  163  164    0
  210   59  163    0    0    0
  211   60   61    0    0    0
  212   60   61  164  165    0
  213   60  164    0    0    0
  214   61   62    0    0    0
  215   61   62  165  166    0
  216   61  165    0    0    0
  217   62   63    0    0    0
  218   62   63  166  167    0
  219   62  166    0    0    0
  220   63   64    0    0    0
  221   63   64  167  168    0
  222   63  167    0    0    0
  223   64  104    0    0    0
  224   64  104  168    0    0
  225   64  168    0    0    0
  226   65   66    0    0    0
  227   65   66   73   74    0
  228   65   73    0    0    0
  229   65   73  129  137    0
  230   65  129    0    0    0
  231   66   67    0    0    0
  232   66   67   74   75    0
  233   66   74    0    0    0
  234   67   68    0    0    0
  235   67   68   75   76    0
  236   67   75    0    0    0
  237   68   69    0    0    0
  238   68   69   76   77    0
  239   68   76    0    0    0
  240   69   70    0    0    0
  241   69   70   77   78    0
  242   69   77    0    0    0
  243   70   71    0    0    0
  244   70   71   78   79    0
  245   70   78    0    0    0
  246   71   72    0    0    0
  247   71   72   79   80    0
  248   71   79    0    0    0
  249   72  161    0    0    0
  250   72   80  161  169    0
  251   72   80    0    0    0
  252   73   74    0    0    0
  253   73   74   81   82    0
  254   73   81    0    0    0
  255   73   81  137  145    0
  256   73  137    0    0    0
  257   74   75    0    0    0
  258   74   75   82   83    0
  259   74   82    0    0    0
  260   75   76    0    0    0
  261   75   76   83   84    0
  262   75   83    0    0    0
  263   76   77    0    0    0
  264   76   77   84   85    0
  265   76   84    0    0    0
  266   77   78    0    0    0
  267   77   78   85   86    0
  268   77   85    0    0    0
  269   78   79    0    0    0
  270   78   79   86   87    0
  271   78   86    0    0    0
  272   79   80    0    0    0
  273   79   80   87   88    0
  274   79   87    0    0    0
  275   80  169    0    0    0
  276   80   88  169  177    0
  277   80   88    0    0    0
  278   81   82    0    0    0
  279   81   82   89   90    0
  280   81   89    0    0    0
  281   81   89  145  153    0
  282   81  145    0    0    0
  283   82   83    0    0    0
  284   82   83   90   91    0
  285   82   90    0    0    0
  286   83   84    0    0    0
  287   83   84   91   92    0
  288   83   91    0    0    0
  289   84   85    0    0    0
  290   84   85   92   93    0
  291   84   92    0    0    0
  292   85   86    0    0    0
  293   85   86   93   94    0
  294   85   93    0    0    0
  295   86   87    0    0    0
  296   86   87   94   95    0
  297   86   94    0    0    0
  298   87   88    0    0    0
  299   87   88   95   96    0
  300   87   95    0    0    0
  301   88  177    0    0    0
  302   88   96  177  185    0
  303   88   96    0    0    0
  304   89   90    0    0    0
  305   89   90  193  201    0
  306   89  193    0    0    0
  307   89  153  193    0    0
  308   89  153    0    0    0
  309   90   91    0    0    0
  310   90   91  201  209    0
  311   90  201    0    0    0
  312   91   92    0    0    0
  313   91   92  209  217    0
  314   91  209    0    0    0
  315   92   93    0    0    0
  316   92   93  217  225    0
  317   92  217    0    0    0
  318   93   94    0    0    0
  319   93   94  225  233    0
  320   93  225    0    0    0
  321   94   95    0    0    0
  322   94   95  233  241    0
  323   94  233    0    0    0
  324   95   96    0    0    0
  325   95   96  241  249    0
  326   95  241    0    0    0
  327   96  185    0    0    0
  328   96  185  249    0    0
  329   96  249    0    0    0
  330   97  136    0    0    0
  331   97  105  136  144    0
  332   97  105    0    0    0
  333   97   98  105  106    0
  334   97   98    0    0    0
  335   98  106    0    0    0
  336   98   99  106  107    0
  337   98   99    0    0    0
  338   99  107    0    0    0
  339   99  100  107  108    0
  340   99  100    0    0    0
  341  100  108    0    0    0
  342  100  101  108  109    0
  343  100  101    0    0    0
  344  101  109    0    0    0
  345  101  102  109  110    0
  346  101  102    0    0    0
  347  102  110    0    0    0
  348  102  103  110  111    0
  349  102  103    0    0    0
  350  103  111    0    0    0
  351  103  104  111  112    0
  352  103  104    0    0    0
  353  104  112    0    0    0
  354  104  112  168  176    0
  355  104  168    0    0    0
  356  105  144    0    0    0
  357  105  113  144  152    0
  358  105  113    0    0    0
  359  105  106  113  114    0
  360  105  106    0    0    0
  361  106  114    0    0    0
  362  106  107  114  115    0
  363  106  107    0    0    0
  364  107  115    0    0    0
  365  107  108  115  116    0
  366  107  108    0    0    0
  367  108  116    0    0    0
  368  108  109  116  117    0
  369  108  109    0    0    0
  370  109  117    0    0    0
  371  109  110  117  118    0
  372  109  110    0    0    0
  373  110  118    0    0    0
  374  110  111  118  119    0
  375  110  111    0    0    0
  376  111  119    0    0    0
  377  111  112  119  120    0
  378  111  112    0    0    0
  379  112  120    0    0    0
  380  112  120  176  184    0
  381  112  176    0    0    0
  382  113  152    0    0    0
  383  113  121  152  160    0
  384  113  121    0    0    0
  385  113  114  121  122    0
  386  113  114    0    0    0
  387  114  122    0    0    0
  388  114  115  122  123    0
  389  114  115    0    0    0
  390  115  123    0    0    0
  391  115  116  123  124    0
  392  115  116    0    0    0
  393  116  124    0    0    0
  394  116  117  124  125    0
  395  116  117    0    0    0
  396  117  125    0    0    0
  397  117  118  125  126    0
  398  117  118    0    0    0
  399  118  126    0    0    0
  400  118  119  126  127    0
  401  118  119    0    0    0
  402  119  127    0    0    0
  403  119  120  127  128    0
  404  119  120    0    0    0
  405  120  128    0    0    0
  406  120  128  184  192    0
  407  120  184    0    0    0
  408  121  160    0    0    0
  409  121  160  200    0    0
  410  121  200    0    0    0
  411  121  122  200  208    0
  412  121  122    0    0    0
  413  122  208    0    0    0
  414  122  123  208  216    0
  415  122  123    0    0    0
  416  123  216    0    0    0
  417  123  124  216  224    0
  418  123  124    0    0    0
  419  124  224    0    0    0
  420  124  125  224  232    0
  421  124  125    0    0    0
  422  125  232    0    0    0
  423  125  126  232  240    0
  424  125  126    0    0    0
  425  126  240    0    0    0
  426  126  127  240  248    0
  427  126  127    0    0    0
  428  127  248    0    0    0
  429  127  128  248  256    0
  430  127  128    0    0    0
  431  128  256    0    0    0
  432  128  192  256    0    0
  433  128  192    0    0    0
  434  129  130    0    0    0
  435  129  130  137  138    0
  436  129  137    0    0    0
  437  130  131    0    0    0
  438  130  131  138  139    0
  439  130  138    0    0    0
  440  131  132    0    0    0
  441  131  132  139  140    0
  442  131  139    0    0    0
  443  132  133    0    0    0
  444  132  133  140  141    0
  445  132  140    0    0    0
  446  133  134    0    0    0
  447  133  134  141  142    0
  448  133  141    0    0    0
  449  134  135    0    0    0
  450  134  135  142  143    0
  451  134  142    0    0    0
  452  135  136    0    0    0
  453  135  136  143  144    0
  454  135  143    0    0    0
  455  136  144    0    0    0
  456  137  138    0    0    0
  457  137  138  145  146    0
  458  137  145    0    0    0
  459  138  139    0    0    0
  460  138  139  146  147    0
  461  138  146    0    0    0
  462  139  140    0    0    0
  463  139  140  147  148    0
  464  139  147    0    0    0
  465  140  141    0    0    0
  466  140  141  148  149    0
  467  140  148    0    0    0
  468  141  142    0    0    0
  469  141  142  149  150    0
  470  141  149    0    0    0
  471  142  143    0    0    0
  472  142  143  150  151    0
  473  142  150    0    0    0
  474  143  144    0    0    0
  475  143  144  151  152    0
  476  143  151    0    0    0
  477  144  152    0    0    0
  478  145  146    0    0    0
  479  145  146  153  154    0
  480  145  153    0    0    0
  481  146  147    0    0    0
  482  146  147  154  155    0
  483  146  154    0    0    0
  484  147  148    0    0    0
  485  147  148  155  156    0
  486  147  155    0    0    0
  487  148  149    0    0    0
  488  148  149  156  157    0
  489  148  156    0    0    0
  490  149  150    0    0    0
  491  149  150  157  158    0
  492  149  157    0    0    0
  493  150  151    0    0    0
  494  150  151  158  159    0
  495  150  158    0    0    0
  496  151  152    0    0    0
  497  151  152  159  160    0
  498  151  159    0    0    0
  499  152  160    0    0    0
  500  153  154    0    0    0
  501  153  154  193  194    0
  502  153  193    0    0    0
  503  154  155    0    0    0
  504  154  155  194  195    0
  505  154  194    0    0    0
  506  155  156    0    0    0
  507  155  156  195  196    0
  508  155  195    0    0    0
  509  156  157    0    0    0
  510  156  157  196  197    0
  511  156  196    0    0    0
  512  157  158    0    0    0
  513  157  158  197  198    0
  514  157  197    0    0    0
  515  158  159    0    0    0
  516  158  159  198  199    0
  517  158  198    0    0    0
  518  159  160    0    0    0
  519  159  160  199  200    0
  520  159  199    0    0    0
  521  160  200    0    0    0
  522  161  162    0    0    0
  523  161  162  169  170    0
  524  161  169    0    0    0
  525  162  163    0    0    0
  526  162  163  170  171    0
  527  162  170    0    0    0
  528  163  164    0    0    0
  529  163  164  171  172    0
  530  163  171    0    0    0
  531  164  165    0    0    0
  532  164  165  172  173    0
  533  164  172    0    0    0
  534  165  166    0    0    0
  535  165  166  173  174    0
  536  165  173    0    0    0
  537  166  167    0    0    0
  538  166  167  174  175    0
  539  166  174    0    0    0
  540  167  168    0    0    0
  541  167  168  175  176    0
  542  167  175    0    0    0
  543  168  176    0    0    0
  544  169  170    0    0    0
  545  169  170  177  178    0
  546  169  177    0    0    0
  547  170  171    0    0    0
  548  170  171  178  179    0
  549  170  178    0    0    0
  550  171  172    0    0    0
  551  171  172  179  180    0
  552  171  179    0    0    0
  553  172  173    0    0    0
  554  172  173  180  181    0
  555  172  180    0    0    0
  556  173  174    0    0    0
  557  173  174  181  182    0
  558  173  181    0    0    0
  559  174  175    0    0    0
  560  174  175  182  183    0
  561  174  182    0    0    0
  562  175  176    0    0    0
  563  175  176  183  184    0
  564  175  183    0    0    0
  565  176  184    0    0    0
  566  177  178    0    0    0
  567  177  178  185  186    0
  568  177  185    0    0    0
  569  178  179    0    0    0
  570  178  179  186  187    0
  571  178  186    0    0    0
  572  179  180    0    0    0
  573  179  180  187  188    0
  574  179  187    0    0    0
  575  180  181    0    0    0
  576  180  181  188  189    0
  577  180  188    0    0    0
  578  181  182    0    0    0
  579  181  182  189  190    0
  580  181  189    0    0    0
  581  182  183    0    0    0
  582  182  183  190  191    0
  583  182  190    0    0    0
  584  183  184    0    0    0
  585  183  184  191  192    0
  586  183  191    0    0    0
  587  184  192    0    0    0
  588  185  186    0    0    0
  589  185  186  249  250    0
  590  185  249    0    0    0
  591  186  187    0    0    0
  592  186  187  250  251    0
  593  186  250    0    0    0
  594  187  188    0    0    0
  595  187  188  251  252    0
  596  187  251    0    0    0
  597  188  189    0    0    0
  598  188  189  252  253    0
  599  188  252    0    0    0
  600  189  190    0    0    0
  601  189  190  253  254    0
  602  189  253    0    0    0
  603  190  191    0    0    0
  604  190  191  254  255    0
  605  190  254    0    0    0
  606  191  192    0    0    0
  607  191  192  255  256    0
  608  191  255    0    0    0
  609  192  256    0    0    0
  610  193  201    0    0    0
  611  193  194  201  202    0
  612  193  194    0    0    0
  613  194  202    0    0    0
  614  194  195  202  203    0
  615  194  195    0    0    0
  616  195  203    0    0    0
  617  195  196  203  204    0
  618  195  196    0    0    0
  619  196  204    0    0    0
  620  196  197  204  205    0
  621  196  197    0    0    0
  622  197  205    0    0    0
  623  197  198  205  206    0
  624  197  198    0    0    0
  625  198  206    0    0    0
  626  198  199  206  207    0
  627  198  199    0    0    0
  628  199  207    0    0    0
  629  199  200  207  208    0
  630  199  200    0    0    0
  631  200  208    0    0    0
  632  201  209    0    0    0
  633  201  202  209  210    0
  634  201  202    0    0    0
  635  202  210    0    0    0
  636  202  203  210  211    0
  637  202  203    0    0    0
  638  203  211    0    0    0
  639  203  204  211  212    0
  640  203  204    0    0    0
  641  204  212    0    0    0
  642  204  205  212  213    0
  643  204  205    0    0    0
  644  205  213    0    0    0
  645  205  206  213  214    0
  646  205  206    0    0    0
  647  206  214    0    0    0
  648  206  207  214  215    0
  649  206  207    0    0    0
  650  207  215    0    0    0
  651  207  208  215  216    0
  652  207  208    0    0    0
  653  208  216    0    0    0
  654  209  217    0    0    0
  655  209  210  217  218    0
  656  209  210    0    0    0
  657  210  218    0    0    0
  658  210  211  218  219    0
  659  210  211    0    0    0
  660  211  219    0    0    0
  661  211  212  219  220    0
  662  211  212    0    0    0
  663  212  220    0    0    0
  664  212  213  220  221    0
  665  212  213    0    0    0
  666  213  221    0    0    0
  667  213  214  221  222    0
  668  213  214    0    0    0
  669  214  222    0    0    0
  670  214  215  222  223    0
  671  214  215    0    0    0
  672  215  223    0    0    0
  673  215  216  223  224    0
  674  215  216    0    0    0
  675  216  224    0    0    0
  676  217  225    0    0    0
  677  217  218  225  226    0
  678  217  218    0    0    0
  679  218  226    0    0    0
  680  218  219  226  227    0
  681  218  219    0    0    0
  682  219  227    0    0    0
  683  219  220  227  228    0
  684  219  220    0    0    0
  685  220  228    0    0    0
  686  220  221  228  229    0
  687  220  221    0    0    0
  688  221  229    0    0    0
  689  221  222  229  230    0
  690  221  222    0    0    0
  691  222  230    0    0    0
  692  222  223  230  231    0
  693  222  223    0    0    0
  694  223  231    0    0    0
  695  223  224  231  232    0
  696  223  224    0    0    0
  697  224  232    0    0    0
  698  225  233    0    0    0
  699  225  226  233  234    0
  700  225  226    0    0    0
  701  226  234    0    0    0
  702  226  227  234  235    0
  703  226  227    0    0    0
  704  227  235    0    0    0
  705  227  228  235  236    0
  706  227  228    0    0    0
  707  228  236    0    0    0
  708  228  229  236  237    0
  709  228  229    0    0    0
  710  229  237    0    0    0
  711  229  230  237  238    0
  712  229  230    0    0    0
  713  230  238    0    0    0
  714  230  231  238  239    0
  715  230  231    0    0    0
  716  231  239    0    0    0
  717  231  232  239  240    0
  718  231  232    0    0    0
  719  232  240    0    0    0
  720  233  241    0    0    0
  721  233  234  241  242    0
  722  233  234    0    0    0
  723  234  242    0    0    0
  724  234  235  242  243    0
  725  234  235    0    0    0
  726  235  243    0    0    0
  727  235  236  243  244    0
  728  235  236    0    0    0
  729  236  244    0    0    0
  730  236  237  244  245    0
  731  236  237    0    0    0
  732  237  245    0    0    0
  733  237  238  245  246    0
  734  237  238    0    0    0
  735  238  246    0    0    0
  736  238  239  246  247    0
  737  238  239    0    0    0
  738  239  247    0    0    0
  739  239  240  247  248    0
  740  239  240    0    0    0
  741  240  248    0    0    0
  742  241  249    0    0    0
  743  241  242  249  250    0
  744  241  242    0    0    0
  745  242  250    0    0    0
  746  242  243  250  251    0
  747  242  243    0    0    0
  748  243  251    0    0    0
  749  243  244  251  252    0
  750  243  244    0    0    0
  751  244  252    0    0    0
  752  244  245  252  253    0
  753  244  245    0    0    0
  754  245  253    0    0    0
  755  245  246  253  254    0
  756  245  246    0    0    0
  757  246  254    0    0    0
  758  246  247  254  255    0
  759  246  247    0    0    0
  760  247  255    0    0    0
  761  247  248  255  256    0
  762  247  248    0    0    0
  763  248  256    0    0    0
  764  249  250    0    0    0
  765  250  251    0    0    0
  766  251  252    0    0    0
  767  252  253    0    0    0
  768  253  254    0    0    0
  769  254  255    0    0    0
  770  255  256    0    0    0
