  65   1   8   7 226 227 228 229 230
  66   7  48  47 231 232 233 227 226
  67  47  74  73 234 235 236 232 231
  68  73 100  99 237 238 239 235 234
  69  99 126 125 240 241 242 238 237
  70 125 152 151 243 244 245 241 240
  71 151 178 177 246 247 248 244 243
  72 177 204 203 249 250 251 247 246
  73 229 228 227 252 253 254 255 256
  74 227 233 232 257 258 259 253 252
  75 232 236 235 260 261 262 258 257
  76 235 239 238 263 264 265 261 260
  77 238 242 241 266 267 268 264 263
  78 241 245 244 269 270 271 267 266
  79 244 248 247 272 273 274 270 269
  80 247 251 250 275 276 277 273 272
  81 255 254 253 278 279 280 281 282
  82 253 259 258 283 284 285 279 278
  83 258 262 261 286 287 288 284 283
  84 261 265 264 289 290 291 287 286
  85 264 268 267 292 293 294 290 289
  86 267 271 270 295 296 297 293 292
  87 270 274 273 298 299 300 296 295
  88 273 277 276 301 302 303 299 298
  89 281 280 279 304 305 306 307 308
  90 279 285 284 309 310 311 305 304
  91 284 288 287 312 313 314 310 309
  92 287 291 290 315 316 317 313 312
  93 290 294 293 318 319 320 316 315
  94 293 297 296 321 322 323 319 318
  95 296 300 299 324 325 326 322 321
  96 299 303 302 327 328 329 325 324
  97  42  41  40 330 331 332 333 334
  98  68  67  42 334 333 335 336 337
  99  94  93  68 337 336 338 339 340
 100 120 119  94 340 339 341 342 343
 101 146 145 120 343 342 344 345 346
 102 172 171 146 346 345 347 348 349
 103 198 197 172 349 348 350 351 352
 104 224 223 198 352 351 353 354 355
 105 333 332 331 356 357 358 359 360
 106 336 335 333 360 359 361 362 363
 107 339 338 336 363 362 364 365 366
 108 342 341 339 366 365 367 368 369
 109 345 344 342 369 368 370 371 372
 110 348 347 345 372 371 373 374 375
 111 351 350 348 375 374 376 377 378
 112 354 353 351 378 377 379 380 381
 113 359 358 357 382 383 384 385 386
 114 362 361 359 386 385 387 388 389
 115 365 364 362 389 388 390 391 392
 116 368 367 365 392 391 393 394 395
 117 371 370 368 395 394 396 397 398
 118 374 373 371 398 397 399 400 401
 119 377 376 374 401 400 402 403 404
 120 380 379 377 404 403 405 406 407
 121 385 384 383 408 409 410 411 412
 122 388 387 385 412 411 413 414 415
 123 391 390 388 415 414 416 417 418
 124 394 393 391 418 417 419 420 421
 125 397 396 394 421 420 422 423 424
 126 400 399 397 424 423 425 426 427
 127 403 402 400 427 426 428 429 430
 128 406 405 403 430 429 431 432 433
 129   1   2   3 434 435 436 229 230
 130   3   9  10 437 438 439 435 434
 131  10  14  15 440 441 442 438 437
 132  15  19  20 443 444 445 441 440
 133  20  24  25 446 447 448 444 443
 134  25  29  30 449 450 451 447 446
 135  30  34  35 452 453 454 450 449
 136  35  39  40 330 331 455 453 452
 137 229 436 435 456 457 458 255 256
 138 435 439 438 459 460 461 457 456
 139 438 442 441 462 463 464 460 459
 140 441 445 444 465 466 467 463 462
 141 444 448 447 468 469 470 466 465
 142 447 451 450 471 472 473 469 468
 143 450 454 453 474 475 476 472 471
 144 453 455 331 356 357 477 475 474
 145 255 458 457 478 479 480 281 282
 146 457 461 460 481 482 483 479 478
 147 460 464 463 484 485 486 482 481
 148 463 467 466 487 488 489 485 484
 149 466 470 469 490 491 492 488 487
 150 469 473 472 493 494 495 491 490
 151 472 476 475 496 497 498 494 493
 152 475 477 357 382 383 499 497 496
 153 281 480 479 500 501 502 307 308
 154 479 483 482 503 504 505 501 500
 155 482 486 485 506 507 508 504 503
 156 485 489 488 509 510 511 507 506
 157 488 492 491 512 513 514 510 509
 158 491 495 494 515 516 517 513 512
 159 494 498 497 518 519 520 516 515
 160 497 499 383 408 409 521 519 518
 161 203 202 201 522 523 524 250 249
 162 201 207 206 525 526 527 523 522
 163 206 210 209 528 529 530 526 525
 164 209 213 212 531 532 533 529 528
 165 212 216 215 534 535 536 532 531
 166 215 219 218 537 538 539 535 534
 167 218 222 221 540 541 542 538 537
 168 221 225 224 355 354 543 541 540
 169 250 524 523 544 545 546 276 275
 170 523 527 526 547 548 549 545 544
 171 526 530 529 550 551 552 548 547
 172 529 533 532 553 554 555 551 550
 173 532 536 535 556 557 558 554 553
 174 535 539 538 559 560 561 557 556
 175 538 542 541 562 563 564 560 559
 176 541 543 354 381 380 565 563 562
 177 276 546 545 566 567 568 302 301
 178 545 549 548 569 570 571 567 566
 179 548 552 551 572 573 574 570 569
 180 551 555 554 575 576 577 573 572
 181 554 558 557 578 579 580 576 575
 182 557 561 560 581 582 583 579 578
 183 560 564 563 584 585 586 582 581
 184 563 565 380 407 406 587 585 584
 185 302 568 567 588 589 590 328 327
 186 567 571 570 591 592 593 589 588
 187 570 574 573 594 595 596 592 591
 188 573 577 576 597 598 599 595 594
 189 576 580 579 600 601 602 598 597
 190 579 583 582 603 604 605 601 600
 191 582 586 585 606 607 608 604 603
 192 585 587 406 433 432 609 607 606
 193 307 306 305 610 611 612 501 502
 194 501 612 611 613 614 615 504 505
 195 504 615 614 616 617 618 507 508
 196 507 618 617 619 620 621 510 511
 197 510 621 620 622 623 624 513 514
 198 513 624 623 625 626 627 516 517
 199 516 627 626 628 629 630 519 520
 200 519 630 629 631 411 410 409 521
 201 305 311 310 632 633 634 611 610
 202 611 634 633 635 636 637 614 613
 203 614 637 636 638 639 640 617 616
 204 617 640 639 641 642 643 620 619
 205 620 643 642 644 645 646 623 622
 206 623 646 645 647 648 649 626 625
 207 626 649 648 650 651 652 629 628
 208 629 652 651 653 414 413 411 631
 209 310 314 313 654 655 656 633 632
 210 633 656 655 657 658 659 636 635
 211 636 659 658 660 661 662 639 638
 212 639 662 661 663 664 665 642 641
 213 642 665 664 666 667 668 645 644
 214 645 668 667 669 670 671 648 647
 215 648 671 670 672 673 674 651 650
 216 651 674 673 675 417 416 414 653
 217 313 317 316 676 677 678 655 654
 218 655 678 677 679 680 681 658 657
 219 658 681 680 682 683 684 661 660
 220 661 684 683 685 686 687 664 663
 221 664 687 686 688 689 690 667 666
 222 667 690 689 691 692 693 670 669
 223 670 693 692 694 695 696 673 672
 224 673 696 695 697 420 419 417 675
 225 316 320 319 698 699 700 677 676
 226 677 700 699 701 702 703 680 679
 227 680 703 702 704 705 706 683 682
 228 683 706 705 707 708 709 686 685
 229 686 709 708 710 711 712 689 688
 230 689 712 711 713 714 715 692 691
 231 692 715 714 716 717 718 695 694
 232 695 718 717 719 423 422 420 697
 233 319 323 322 720 721 722 699 698
 234 699 722 721 723 724 725 702 701
 235 702 725 724 726 727 728 705 704
 236 705 728 727 729 730 731 708 707
 237 708 731 730 732 733 734 711 710
 238 711 734 733 735 736 737 714 713
 239 714 737 736 738 739 740 717 716
 240 717 740 739 741 426 425 423 719
 241 322 326 325 742 743 744 721 720
 242 721 744 743 745 746 747 724 723
 243 724 747 746 748 749 750 727 726
 244 727 750 749 751 752 753 730 729
 245 730 753 752 754 755 756 733 732
 246 733 756 755 757 758 759 736 735
 247 736 759 758 760 761 762 739 738
 248 739 762 761 763 429 428 426 741
 249 325 329 328 590 589 764 743 742
 250 743 764 589 593 592 765 746 745
 251 746 765 592 596 595 766 749 748
 252 749 766 595 599 598 767 752 751
 253 752 767 598 602 601 768 755 754
 254 755 768 601 605 604 769 758 757
 255 758 769 604 608 607 770 761 760
 256 761 770 607 609 432 431 429 763
