   1   1   2   3   4   5   6   7   8
   2   3   9  10  11  12  13   5   4
   3  10  14  15  16  17  18  12  11
   4  15  19  20  21  22  23  17  16
   5  20  24  25  26  27  28  22  21
   6  25  29  30  31  32  33  27  26
   7  30  34  35  36  37  38  32  31
   8  35  39  40  41  42  43  37  36
   9   7   6   5  44  45  46  47  48
  10   5  13  12  49  50  51  45  44
  11  12  18  17  52  53  54  50  49
  12  17  23  22  55  56  57  53  52
  13  22  28  27  58  59  60  56  55
  14  27  33  32  61  62  63  59  58
  15  32  38  37  64  65  66  62  61
  16  37  43  42  67  68  69  65  64
  17  47  46  45  70  71  72  73  74
  18  45  51  50  75  76  77  71  70
  19  50  54  53  78  79  80  76  75
  20  53  57  56  81  82  83  79  78
  21  56  60  59  84  85  86  82  81
  22  59  63  62  87  88  89  85  84
  23  62  66  65  90  91  92  88  87
  24  65  69  68  93  94  95  91  90
  25  73  72  71  96  97  98  99 100
  26  71  77  76 101 102 103  97  96
  27  76  80  79 104 105 106 102 101
  28  79  83  82 107 108 109 105 104
  29  82  86  85 110 111 112 108 107
  30  85  89  88 113 114 115 111 110
  31  88  92  91 116 117 118 114 113
  32  91  95  94 119 120 121 117 116
  33  99  98  97 122 123 124 125 126
  34  97 103 102 127 128 129 123 122
  35 102 106 105 130 131 132 128 127
  36 105 109 108 133 134 135 131 130
  37 108 112 111 136 137 138 134 133
  38 111 115 114 139 140 141 137 136
  39 114 118 117 142 143 144 140 139
  40 117 121 120 145 146 147 143 142
  41 125 124 123 148 149 150 151 152
  42 123 129 128 153 154 155 149 148
  43 128 132 131 156 157 158 154 153
  44 131 135 134 159 160 161 157 156
  45 134 138 137 162 163 164 160 159
  46 137 141 140 165 166 167 163 162
  47 140 144 143 168 169 170 166 165
  48 143 147 146 171 172 173 169 168
  49 151 150 149 174 175 176 177 178
  50 149 155 154 179 180 181 175 174
  51 154 158 157 182 183 184 180 179
  52 157 161 160 185 186 187 183 182
  53 160 164 163 188 189 190 186 185
  54 163 167 166 191 192 193 189 188
  55 166 170 169 194 195 196 192 191
  56 169 173 172 197 198 199 195 194
  57 177 176 175 200 201 202 203 204
  58 175 181 180 205 206 207 201 200
  59 180 184 183 208 209 210 206 205
  60 183 187 186 211 212 213 209 208
  61 186 190 189 214 215 216 212 211
  62 189 193 192 217 218 219 215 214
  63 192 196 195 220 221 222 218 217
  64 195 199 198 223 224 225 221 220
