           1           1           1           1
          65           1           1           1
         129           1           1           1
           1           2           2           1
         129           2           2           1
           1           3           3           1
           2           3           1           1
         129           3           3           1
         130           3           1           1
           1           4           4           1
           2           4           8           1
           1           5           5           1
           2           5           7           1
           9           5           3           1
          10           5           1           1
           1           6           6           1
           9           6           2           1
           1           7           7           1
           9           7           1           1
          65           7           3           1
          66           7           1           1
           1           8           8           1
          65           8           2           1
           2           9           2           1
         130           9           2           1
           2          10           3           1
           3          10           1           1
         130          10           3           1
         131          10           1           1
           2          11           4           1
           3          11           8           1
           2          12           5           1
           3          12           7           1
          10          12           3           1
          11          12           1           1
           2          13           6           1
          10          13           2           1
           3          14           2           1
         131          14           2           1
           3          15           3           1
           4          15           1           1
         131          15           3           1
         132          15           1           1
           3          16           4           1
           4          16           8           1
           3          17           5           1
           4          17           7           1
          11          17           3           1
          12          17           1           1
           3          18           6           1
          11          18           2           1
           4          19           2           1
         132          19           2           1
           4          20           3           1
           5          20           1           1
         132          20           3           1
         133          20           1           1
           4          21           4           1
           5          21           8           1
           4          22           5           1
           5          22           7           1
          12          22           3           1
          13          22           1           1
           4          23           6           1
          12          23           2           1
           5          24           2           1
         133          24           2           1
           5          25           3           1
           6          25           1           1
         133          25           3           1
         134          25           1           1
           5          26           4           1
           6          26           8           1
           5          27           5           1
           6          27           7           1
          13          27           3           1
          14          27           1           1
           5          28           6           1
          13          28           2           1
           6          29           2           1
         134          29           2           1
           6          30           3           1
           7          30           1           1
         134          30           3           1
         135          30           1           1
           6          31           4           1
           7          31           8           1
           6          32           5           1
           7          32           7           1
          14          32           3           1
          15          32           1           1
           6          33           6           1
          14          33           2           1
           7          34           2           1
         135          34           2           1
           7          35           3           1
           8          35           1           1
         135          35           3           1
         136          35           1           1
           7          36           4           1
           8          36           8           1
           7          37           5           1
           8          37           7           1
          15          37           3           1
          16          37           1           1
           7          38           6           1
          15          38           2           1
           8          39           2           1
         136          39           2           1
           8          40           3           1
          97          40           3           1
         136          40           3           1
           8          41           4           1
          97          41           2           1
           8          42           5           1
          16          42           3           1
          97          42           1           1
          98          42           3           1
           8          43           6           1
          16          43           2           1
           9          44           4           1
          10          44           8           1
           9          45           5           1
          10          45           7           1
          17          45           3           1
          18          45           1           1
           9          46           6           1
          17          46           2           1
           9          47           7           1
          17          47           1           1
          66          47           3           1
          67          47           1           1
           9          48           8           1
          66          48           2           1
          10          49           4           1
          11          49           8           1
          10          50           5           1
          11          50           7           1
          18          50           3           1
          19          50           1           1
          10          51           6           1
          18          51           2           1
          11          52           4           1
          12          52           8           1
          11          53           5           1
          12          53           7           1
          19          53           3           1
          20          53           1           1
          11          54           6           1
          19          54           2           1
          12          55           4           1
          13          55           8           1
          12          56           5           1
          13          56           7           1
          20          56           3           1
          21          56           1           1
          12          57           6           1
          20          57           2           1
          13          58           4           1
          14          58           8           1
          13          59           5           1
          14          59           7           1
          21          59           3           1
          22          59           1           1
          13          60           6           1
          21          60           2           1
          14          61           4           1
          15          61           8           1
          14          62           5           1
          15          62           7           1
          22          62           3           1
          23          62           1           1
          14          63           6           1
          22          63           2           1
          15          64           4           1
          16          64           8           1
          15          65           5           1
          16          65           7           1
          23          65           3           1
          24          65           1           1
          15          66           6           1
          23          66           2           1
          16          67           4           1
          98          67           2           1
          16          68           5           1
          24          68           3           1
          98          68           1           1
          99          68           3           1
          16          69           6           1
          24          69           2           1
          17          70           4           1
          18          70           8           1
          17          71           5           1
          18          71           7           1
          25          71           3           1
          26          71           1           1
          17          72           6           1
          25          72           2           1
          17          73           7           1
          25          73           1           1
          67          73           3           1
          68          73           1           1
          17          74           8           1
          67          74           2           1
          18          75           4           1
          19          75           8           1
          18          76           5           1
          19          76           7           1
          26          76           3           1
          27          76           1           1
          18          77           6           1
          26          77           2           1
          19          78           4           1
          20          78           8           1
          19          79           5           1
          20          79           7           1
          27          79           3           1
          28          79           1           1
          19          80           6           1
          27          80           2           1
          20          81           4           1
          21          81           8           1
          20          82           5           1
          21          82           7           1
          28          82           3           1
          29          82           1           1
          20          83           6           1
          28          83           2           1
          21          84           4           1
          22          84           8           1
          21          85           5           1
          22          85           7           1
          29          85           3           1
          30          85           1           1
          21          86           6           1
          29          86           2           1
          22          87           4           1
          23          87           8           1
          22          88           5           1
          23          88           7           1
          30          88           3           1
          31          88           1           1
          22          89           6           1
          30          89           2           1
          23          90           4           1
          24          90           8           1
          23          91           5           1
          24          91           7           1
          31          91           3           1
          32          91           1           1
          23          92           6           1
          31          92           2           1
          24          93           4           1
          99          93           2           1
          24          94           5           1
          32          94           3           1
          99          94           1           1
         100          94           3           1
          24          95           6           1
          32          95           2           1
          25          96           4           1
          26          96           8           1
          25          97           5           1
          26          97           7           1
          33          97           3           1
          34          97           1           1
          25          98           6           1
          33          98           2           1
          25          99           7           1
          33          99           1           1
          68          99           3           1
          69          99           1           1
          25         100           8           1
          68         100           2           1
          26         101           4           1
          27         101           8           1
          26         102           5           1
          27         102           7           1
          34         102           3           1
          35         102           1           1
          26         103           6           1
          34         103           2           1
          27         104           4           1
          28         104           8           1
          27         105           5           1
          28         105           7           1
          35         105           3           1
          36         105           1           1
          27         106           6           1
          35         106           2           1
          28         107           4           1
          29         107           8           1
          28         108           5           1
          29         108           7           1
          36         108           3           1
          37         108           1           1
          28         109           6           1
          36         109           2           1
          29         110           4           1
          30         110           8           1
          29         111           5           1
          30         111           7           1
          37         111           3           1
          38         111           1           1
          29         112           6           1
          37         112           2           1
          30         113           4           1
          31         113           8           1
          30         114           5           1
          31         114           7           1
          38         114           3           1
          39         114           1           1
          30         115           6           1
          38         115           2           1
          31         116           4           1
          32         116           8           1
          31         117           5           1
          32         117           7           1
          39         117           3           1
          40         117           1           1
          31         118           6           1
          39         118           2           1
          32         119           4           1
         100         119           2           1
          32         120           5           1
          40         120           3           1
         100         120           1           1
         101         120           3           1
          32         121           6           1
          40         121           2           1
          33         122           4           1
          34         122           8           1
          33         123           5           1
          34         123           7           1
          41         123           3           1
          42         123           1           1
          33         124           6           1
          41         124           2           1
          33         125           7           1
          41         125           1           1
          69         125           3           1
          70         125           1           1
          33         126           8           1
          69         126           2           1
          34         127           4           1
          35         127           8           1
          34         128           5           1
          35         128           7           1
          42         128           3           1
          43         128           1           1
          34         129           6           1
          42         129           2           1
          35         130           4           1
          36         130           8           1
          35         131           5           1
          36         131           7           1
          43         131           3           1
          44         131           1           1
          35         132           6           1
          43         132           2           1
          36         133           4           1
          37         133           8           1
          36         134           5           1
          37         134           7           1
          44         134           3           1
          45         134           1           1
          36         135           6           1
          44         135           2           1
          37         136           4           1
          38         136           8           1
          37         137           5           1
          38         137           7           1
          45         137           3           1
          46         137           1           1
          37         138           6           1
          45         138           2           1
          38         139           4           1
          39         139           8           1
          38         140           5           1
          39         140           7           1
          46         140           3           1
          47         140           1           1
          38         141           6           1
          46         141           2           1
          39         142           4           1
          40         142           8           1
          39         143           5           1
          40         143           7           1
          47         143           3           1
          48         143           1           1
          39         144           6           1
          47         144           2           1
          40         145           4           1
         101         145           2           1
          40         146           5           1
          48         146           3           1
         101         146           1           1
         102         146           3           1
          40         147           6           1
          48         147           2           1
          41         148           4           1
          42         148           8           1
          41         149           5           1
          42         149           7           1
          49         149           3           1
          50         149           1           1
          41         150           6           1
          49         150           2           1
          41         151           7           1
          49         151           1           1
          70         151           3           1
          71         151           1           1
          41         152           8           1
          70         152           2           1
          42         153           4           1
          43         153           8           1
          42         154           5           1
          43         154           7           1
          50         154           3           1
          51         154           1           1
          42         155           6           1
          50         155           2           1
          43         156           4           1
          44         156           8           1
          43         157           5           1
          44         157           7           1
          51         157           3           1
          52         157           1           1
          43         158           6           1
          51         158           2           1
          44         159           4           1
          45         159           8           1
          44         160           5           1
          45         160           7           1
          52         160           3           1
          53         160           1           1
          44         161           6           1
          52         161           2           1
          45         162           4           1
          46         162           8           1
          45         163           5           1
          46         163           7           1
          53         163           3           1
          54         163           1           1
          45         164           6           1
          53         164           2           1
          46         165           4           1
          47         165           8           1
          46         166           5           1
          47         166           7           1
          54         166           3           1
          55         166           1           1
          46         167           6           1
          54         167           2           1
          47         168           4           1
          48         168           8           1
          47         169           5           1
          48         169           7           1
          55         169           3           1
          56         169           1           1
          47         170           6           1
          55         170           2           1
          48         171           4           1
         102         171           2           1
          48         172           5           1
          56         172           3           1
         102         172           1           1
         103         172           3           1
          48         173           6           1
          56         173           2           1
          49         174           4           1
          50         174           8           1
          49         175           5           1
          50         175           7           1
          57         175           3           1
          58         175           1           1
          49         176           6           1
          57         176           2           1
          49         177           7           1
          57         177           1           1
          71         177           3           1
          72         177           1           1
          49         178           8           1
          71         178           2           1
          50         179           4           1
          51         179           8           1
          50         180           5           1
          51         180           7           1
          58         180           3           1
          59         180           1           1
          50         181           6           1
          58         181           2           1
          51         182           4           1
          52         182           8           1
          51         183           5           1
          52         183           7           1
          59         183           3           1
          60         183           1           1
          51         184           6           1
          59         184           2           1
          52         185           4           1
          53         185           8           1
          52         186           5           1
          53         186           7           1
          60         186           3           1
          61         186           1           1
          52         187           6           1
          60         187           2           1
          53         188           4           1
          54         188           8           1
          53         189           5           1
          54         189           7           1
          61         189           3           1
          62         189           1           1
          53         190           6           1
          61         190           2           1
          54         191           4           1
          55         191           8           1
          54         192           5           1
          55         192           7           1
          62         192           3           1
          63         192           1           1
          54         193           6           1
          62         193           2           1
          55         194           4           1
          56         194           8           1
          55         195           5           1
          56         195           7           1
          63         195           3           1
          64         195           1           1
          55         196           6           1
          63         196           2           1
          56         197           4           1
         103         197           2           1
          56         198           5           1
          64         198           3           1
         103         198           1           1
         104         198           3           1
          56         199           6           1
          64         199           2           1
          57         200           4           1
          58         200           8           1
          57         201           5           1
          58         201           7           1
         161         201           3           1
         162         201           1           1
          57         202           6           1
         161         202           2           1
          57         203           7           1
          72         203           3           1
         161         203           1           1
          57         204           8           1
          72         204           2           1
          58         205           4           1
          59         205           8           1
          58         206           5           1
          59         206           7           1
         162         206           3           1
         163         206           1           1
          58         207           6           1
         162         207           2           1
          59         208           4           1
          60         208           8           1
          59         209           5           1
          60         209           7           1
         163         209           3           1
         164         209           1           1
          59         210           6           1
         163         210           2           1
          60         211           4           1
          61         211           8           1
          60         212           5           1
          61         212           7           1
         164         212           3           1
         165         212           1           1
          60         213           6           1
         164         213           2           1
          61         214           4           1
          62         214           8           1
          61         215           5           1
          62         215           7           1
         165         215           3           1
         166         215           1           1
          61         216           6           1
         165         216           2           1
          62         217           4           1
          63         217           8           1
          62         218           5           1
          63         218           7           1
         166         218           3           1
         167         218           1           1
          62         219           6           1
         166         219           2           1
          63         220           4           1
          64         220           8           1
          63         221           5           1
          64         221           7           1
         167         221           3           1
         168         221           1           1
          63         222           6           1
         167         222           2           1
          64         223           4           1
         104         223           2           1
          64         224           5           1
         104         224           1           1
         168         224           3           1
          64         225           6           1
         168         225           2           1
