 -3.7280137512  3.1846878144 -0.7781494783 -0.4484431486  0.2619815343 -0.4484431486 -0.7781494783  3.1846878144
  0.0000000000  0.0000000000 -0.0000000000  0.0000000000 -0.0000000000  0.0000000000 -0.0000000000  0.0000000000
 -0.0000000000 -0.0000000000  0.0000000000 -0.0000000000  0.0000000000 -0.0000000000  0.0000000000 -0.0000000000
 -1.9561415260  1.4361328780 -1.9561415260  2.9061324697 -1.5626888688  1.2127880589 -1.5626888688  2.9061324697
  0.0000000000 -0.0000000000  0.0000000000 -0.0000000000  0.0000000000 -0.0000000000  0.0000000000 -0.0000000000
 -0.7781494783  3.1846878144 -3.7280137512  3.1846878144 -0.7781494783 -0.4484431486  0.2619815343 -0.4484431486
 -3.7280137512  3.1846878144 -0.7781494783 -0.4484431486  0.2619815343 -0.4484431486 -0.7781494783  3.1846878144
 -0.0000000000  0.0000000000 -0.0000000000  0.0000000000  0.0000000000  0.0000000000 -0.0000000000  0.0000000000
 -0.0000000000 -0.0000000000  0.0000000000 -0.0000000000  0.0000000000 -0.0000000000  0.0000000000 -0.0000000000
 -1.5626888688  2.9061324697 -1.9561415260  1.4361328780 -1.9561415260  2.9061324697 -1.5626888688  1.2127880589
 -1.9561415260  2.9061324697 -1.5626888688  1.2127880589 -1.5626888688  2.9061324697 -1.9561415260  1.4361328780
  0.2619815343 -0.4484431486 -0.7781494783  3.1846878144 -3.7280137512  3.1846878144 -0.7781494783 -0.4484431486
 -0.7781494783 -0.4484431486  0.2619815343 -0.4484431486 -0.7781494783  3.1846878144 -3.7280137512  3.1846878144
 -0.7781494783  3.1846878144 -3.7280137512  3.1846878144 -0.7781494783 -0.4484431486  0.2619815343 -0.4484431486
 -3.7280137512  3.1846878144 -0.7781494783 -0.4484431486  0.2619815343 -0.4484431486 -0.7781494783  3.1846878144
 -1.5626888688  1.2127880589 -1.5626888688  2.9061324697 -1.9561415260  1.4361328780 -1.9561415260  2.9061324697
 -1.9561415260  1.4361328780 -1.9561415260  2.9061324697 -1.5626888688  1.2127880589 -1.5626888688  2.9061324697
 -0.7781494783 -0.4484431486  0.2619815343 -0.4484431486 -0.7781494783  3.1846878144 -3.7280137512  3.1846878144
 -3.7280137512  3.1846878144 -0.7781494783 -0.4484431486  0.2619815343 -0.4484431486 -0.7781494783  3.1846878144
  0.0000000000 -0.0000000000  0.0000000000 -0.0000000000 -0.0000000000 -0.0000000000  0.0000000000 -0.0000000000
  0.0000000000  0.0000000000 -0.0000000000  0.0000000000 -0.0000000000  0.0000000000 -0.0000000000  0.0000000000
 -1.9561415260  2.9061324697 -1.5626888688  1.2127880589 -1.5626888688  2.9061324697 -1.9561415260  1.4361328780
 -0.0000000000  0.0000000000 -0.0000000000  0.0000000000 -0.0000000000  0.0000000000 -0.0000000000  0.0000000000
 -1.9561415260  1.4361328780 -1.9561415260  2.9061324697 -1.5626888688  1.2127880589 -1.5626888688  2.9061324697
  0.0000000000 -0.0000000000  0.0000000000 -0.0000000000  0.0000000000 -0.0000000000  0.0000000000 -0.0000000000
 -0.7781494783  3.1846878144 -3.7280137512  3.1846878144 -0.7781494783 -0.4484431486  0.2619815343 -0.4484431486
 -3.7280137512  3.1846878144 -0.7781494783 -0.4484431486  0.2619815343 -0.4484431486 -0.7781494783  3.1846878144
 -0.0000000000  0.0000000000 -0.0000000000  0.0000000000  0.0000000000  0.0000000000 -0.0000000000  0.0000000000
 -0.0000000000 -0.0000000000  0.0000000000 -0.0000000000  0.0000000000 -0.0000000000  0.0000000000 -0.0000000000
 -1.5626888688  2.9061324697 -1.9561415260  1.4361328780 -1.9561415260  2.9061324697 -1.5626888688  1.2127880589
 -1.9561415260  2.9061324697 -1.5626888688  1.2127880589 -1.5626888688  2.9061324697 -1.9561415260  1.4361328780
  0.2619815343 -0.4484431486 -0.7781494783  3.1846878144 -3.7280137512  3.1846878144 -0.7781494783 -0.4484431486
 -0.7781494783 -0.4484431486  0.2619815343 -0.4484431486 -0.7781494783  3.1846878144 -3.7280137512  3.1846878144
 -0.7781494783  3.1846878144 -3.7280137512  3.1846878144 -0.7781494783 -0.4484431486  0.2619815343 -0.4484431486
 -3.7280137512  3.1846878144 -0.7781494783 -0.4484431486  0.2619815343 -0.4484431486 -0.7781494783  3.1846878144
 -1.5626888688  1.2127880589 -1.5626888688  2.9061324697 -1.9561415260  1.4361328780 -1.9561415260  2.9061324697
 -1.9561415260  1.4361328780 -1.9561415260  2.9061324697 -1.5626888688  1.2127880589 -1.5626888688  2.9061324697
 -1.9561415260  1.4361328780 -1.9561415260  2.9061324697 -1.5626888688  1.2127880589 -1.5626888688  2.9061324697
  0.0000000000 -0.0000000000  0.0000000000 -0.0000000000  0.0000000000 -0.0000000000  0.0000000000 -0.0000000000
 -0.7781494783  3.1846878144 -3.7280137512  3.1846878144 -0.7781494783 -0.4484431486  0.2619815343 -0.4484431486
 -3.7280137512  3.1846878144 -0.7781494783 -0.4484431486  0.2619815343 -0.4484431486 -0.7781494783  3.1846878144
 -0.0000000000  0.0000000000 -0.0000000000  0.0000000000  0.0000000000  0.0000000000 -0.0000000000  0.0000000000
 -0.0000000000 -0.0000000000  0.0000000000 -0.0000000000  0.0000000000 -0.0000000000  0.0000000000 -0.0000000000
 -1.5626888688  2.9061324697 -1.9561415260  1.4361328780 -1.9561415260  2.9061324697 -1.5626888688  1.2127880589
 -1.9561415260  2.9061324697 -1.5626888688  1.2127880589 -1.5626888688  2.9061324697 -1.9561415260  1.4361328780
  0.2619815343 -0.4484431486 -0.7781494783  3.1846878144 -3.7280137512  3.1846878144 -0.7781494783 -0.4484431486
 -0.7781494783 -0.4484431486  0.2619815343 -0.4484431486 -0.7781494783  3.1846878144 -3.7280137512  3.1846878144
 -0.7781494783  3.1846878144 -3.7280137512  3.1846878144 -0.7781494783 -0.4484431486  0.2619815343 -0.4484431486
 -3.7280137512  3.1846878144 -0.7781494783 -0.4484431486  0.2619815343 -0.4484431486 -0.7781494783  3.1846878144
 -1.5626888688  1.2127880589 -1.5626888688  2.9061324697 -1.9561415260  1.4361328780 -1.9561415260  2.9061324697
 -1.9561415260  1.4361328780 -1.9561415260  2.9061324697 -1.5626888688  1.2127880589 -1.5626888688  2.9061324697
 -1.9561415260  1.4361328780 -1.9561415260  2.9061324697 -1.5626888688  1.2127880589 -1.5626888688  2.9061324697
  0.0000000000 -0.0000000000  0.0000000000 -0.0000000000  0.0000000000 -0.0000000000  0.0000000000 -0.0000000000
 -0.7781494783  3.1846878144 -3.7280137512  3.1846878144 -0.7781494783 -0.4484431486  0.2619815343 -0.4484431486
 -3.7280137512  3.1846878144 -0.7781494783 -0.4484431486  0.2619815343 -0.4484431486 -0.7781494783  3.1846878144
 -0.0000000000  0.0000000000 -0.0000000000  0.0000000000  0.0000000000  0.0000000000 -0.0000000000  0.0000000000
 -0.0000000000 -0.0000000000  0.0000000000 -0.0000000000  0.0000000000 -0.0000000000  0.0000000000 -0.0000000000
 -1.5626888688  2.9061324697 -1.9561415260  1.4361328780 -1.9561415260  2.9061324697 -1.5626888688  1.2127880589
 -1.9561415260  2.9061324697 -1.5626888688  1.2127880589 -1.5626888688  2.9061324697 -1.9561415260  1.4361328780
  0.2619815343 -0.4484431486 -0.7781494783  3.1846878144 -3.7280137512  3.1846878144 -0.7781494783 -0.4484431486
 -0.7781494783 -0.4484431486  0.2619815343 -0.4484431486 -0.7781494783  3.1846878144 -3.7280137512  3.1846878144
 -0.7781494783  3.1846878144 -3.7280137512  3.1846878144 -0.7781494783 -0.4484431486  0.2619815343 -0.4484431486
 -3.7280137512  3.1846878144 -0.7781494783 -0.4484431486  0.2619815343 -0.4484431486 -0.7781494783  3.1846878144
 -1.5626888688  1.2127880589 -1.5626888688  2.9061324697 -1.9561415260  1.4361328780 -1.9561415260  2.9061324697
 -1.9561415260  1.4361328780 -1.9561415260  2.9061324697 -1.5626888688  1.2127880589 -1.5626888688  2.9061324697
 -1.9561415260  1.4361328780 -1.9561415260  2.9061324697 -1.5626888688  1.2127880589 -1.5626888688  2.9061324697
  0.0000000000 -0.0000000000  0.0000000000 -0.0000000000  0.0000000000 -0.0000000000  0.0000000000 -0.0000000000
 -0.7781494783  3.1846878144 -3.7280137512  3.1846878144 -0.7781494783 -0.4484431486  0.2619815343 -0.4484431486
 -3.7280137512  3.1846878144 -0.7781494783 -0.4484431486  0.2619815343 -0.4484431486 -0.7781494783  3.1846878144
 -0.0000000000  0.0000000000 -0.0000000000  0.0000000000  0.0000000000  0.0000000000 -0.0000000000  0.0000000000
 -0.0000000000 -0.0000000000  0.0000000000 -0.0000000000  0.0000000000 -0.0000000000  0.0000000000 -0.0000000000
 -1.5626888688  2.9061324697 -1.9561415260  1.4361328780 -1.9561415260  2.9061324697 -1.5626888688  1.2127880589
 -1.9561415260  2.9061324697 -1.5626888688  1.2127880589 -1.5626888688  2.9061324697 -1.9561415260  1.4361328780
  0.2619815343 -0.4484431486 -0.7781494783  3.1846878144 -3.7280137512  3.1846878144 -0.7781494783 -0.4484431486
 -0.7781494783 -0.4484431486  0.2619815343 -0.4484431486 -0.7781494783  3.1846878144 -3.7280137512  3.1846878144
 -0.7781494783  3.1846878144 -3.7280137512  3.1846878144 -0.7781494783 -0.4484431486  0.2619815343 -0.4484431486
 -3.7280137512  3.1846878144 -0.7781494783 -0.4484431486  0.2619815343 -0.4484431486 -0.7781494783  3.1846878144
 -1.5626888688  1.2127880589 -1.5626888688  2.9061324697 -1.9561415260  1.4361328780 -1.9561415260  2.9061324697
 -1.9561415260  1.4361328780 -1.9561415260  2.9061324697 -1.5626888688  1.2127880589 -1.5626888688  2.9061324697
 -1.9561415260  1.4361328780 -1.9561415260  2.9061324697 -1.5626888688  1.2127880589 -1.5626888688  2.9061324697
  0.0000000000 -0.0000000000  0.0000000000 -0.0000000000  0.0000000000 -0.0000000000  0.0000000000 -0.0000000000
 -0.7781494783  3.1846878144 -3.7280137512  3.1846878144 -0.7781494783 -0.4484431486  0.2619815343 -0.4484431486
 -3.7280137512  3.1846878144 -0.7781494783 -0.4484431486  0.2619815343 -0.4484431486 -0.7781494783  3.1846878144
 -0.0000000000  0.0000000000 -0.0000000000  0.0000000000  0.0000000000  0.0000000000 -0.0000000000  0.0000000000
 -0.0000000000 -0.0000000000  0.0000000000 -0.0000000000  0.0000000000 -0.0000000000  0.0000000000 -0.0000000000
 -1.5626888688  2.9061324697 -1.9561415260  1.4361328780 -1.9561415260  2.9061324697 -1.5626888688  1.2127880589
 -1.9561415260  2.9061324697 -1.5626888688  1.2127880589 -1.5626888688  2.9061324697 -1.9561415260  1.4361328780
  0.2619815343 -0.4484431486 -0.7781494783  3.1846878144 -3.7280137512  3.1846878144 -0.7781494783 -0.4484431486
 -0.7781494783 -0.4484431486  0.2619815343 -0.4484431486 -0.7781494783  3.1846878144 -3.7280137512  3.1846878144
 -0.7781494783  3.1846878144 -3.7280137512  3.1846878144 -0.7781494783 -0.4484431486  0.2619815343 -0.4484431486
 -3.7280137512  3.1846878144 -0.7781494783 -0.4484431486  0.2619815343 -0.4484431486 -0.7781494783  3.1846878144
 -1.5626888688  1.2127880589 -1.5626888688  2.9061324697 -1.9561415260  1.4361328780 -1.9561415260  2.9061324697
 -1.9561415260  1.4361328780 -1.9561415260  2.9061324697 -1.5626888688  1.2127880589 -1.5626888688  2.9061324697
 -1.9561415260  1.4361328780 -1.9561415260  2.9061324697 -1.5626888688  1.2127880589 -1.5626888688  2.9061324697
  0.0000000000 -0.0000000000  0.0000000000 -0.0000000000  0.0000000000 -0.0000000000  0.0000000000 -0.0000000000
 -0.7781494783  3.1846878144 -3.7280137512  3.1846878144 -0.7781494783 -0.4484431486  0.2619815343 -0.4484431486
 -3.7280137512  3.1846878144 -0.7781494783 -0.4484431486  0.2619815343 -0.4484431486 -0.7781494783  3.1846878144
 -0.0000000000  0.0000000000 -0.0000000000  0.0000000000  0.0000000000  0.0000000000 -0.0000000000  0.0000000000
 -0.0000000000 -0.0000000000  0.0000000000 -0.0000000000  0.0000000000 -0.0000000000  0.0000000000 -0.0000000000
 -1.5626888688  2.9061324697 -1.9561415260  1.4361328780 -1.9561415260  2.9061324697 -1.5626888688  1.2127880589
 -1.9561415260  2.9061324697 -1.5626888688  1.2127880589 -1.5626888688  2.9061324697 -1.9561415260  1.4361328780
  0.2619815343 -0.4484431486 -0.7781494783  3.1846878144 -3.7280137512  3.1846878144 -0.7781494783 -0.4484431486
 -0.7781494783 -0.4484431486  0.2619815343 -0.4484431486 -0.7781494783  3.1846878144 -3.7280137512  3.1846878144
 -0.7781494783  3.1846878144 -3.7280137512  3.1846878144 -0.7781494783 -0.4484431486  0.2619815343 -0.4484431486
 -3.7280137512  3.1846878144 -0.7781494783 -0.4484431486  0.2619815343 -0.4484431486 -0.7781494783  3.1846878144
 -1.5626888688  1.2127880589 -1.5626888688  2.9061324697 -1.9561415260  1.4361328780 -1.9561415260  2.9061324697
 -1.9561415260  1.4361328780 -1.9561415260  2.9061324697 -1.5626888688  1.2127880589 -1.5626888688  2.9061324697
 -1.9561415260  1.4361328780 -1.9561415260  2.9061324697 -1.5626888688  1.2127880589 -1.5626888688  2.9061324697
  0.0000000000 -0.0000000000  0.0000000000 -0.0000000000  0.0000000000 -0.0000000000  0.0000000000 -0.0000000000
 -0.7781494783  3.1846878144 -3.7280137512  3.1846878144 -0.7781494783 -0.4484431486  0.2619815343 -0.4484431486
  0.0000000000 -0.0000000000  0.0000000000 -0.0000000000 -0.0000000000 -0.0000000000  0.0000000000 -0.0000000000
 -0.0000000000  0.0000000000 -0.0000000000  0.0000000000  0.0000000000  0.0000000000 -0.0000000000  0.0000000000
 -1.5626888688  2.9061324697 -1.9561415260  1.4361328780 -1.9561415260  2.9061324697 -1.5626888688  1.2127880589
 -0.0000000000  0.0000000000 -0.0000000000  0.0000000000 -0.0000000000  0.0000000000 -0.0000000000  0.0000000000
  0.2619815343 -0.4484431486 -0.7781494783  3.1846878144 -3.7280137512  3.1846878144 -0.7781494783 -0.4484431486
 -0.7781494783  3.1846878144 -3.7280137512  3.1846878144 -0.7781494783 -0.4484431486  0.2619815343 -0.4484431486
  0.0000000000  0.0000000000 -0.0000000000  0.0000000000 -0.0000000000  0.0000000000 -0.0000000000  0.0000000000
  0.0000000000 -0.0000000000  0.0000000000 -0.0000000000 -0.0000000000 -0.0000000000  0.0000000000 -0.0000000000
 -1.5626888688  1.2127880589 -1.5626888688  2.9061324697 -1.9561415260  1.4361328780 -1.9561415260  2.9061324697
 -1.9561415260  1.4361328780 -1.9561415260  2.9061324697 -1.5626888688  1.2127880589 -1.5626888688  2.9061324697
 -1.5626888688  2.9061324697 -1.9561415260  1.4361328780 -1.9561415260  2.9061324697 -1.5626888688  1.2127880589
 -1.9561415260  2.9061324697 -1.5626888688  1.2127880589 -1.5626888688  2.9061324697 -1.9561415260  1.4361328780
  0.2619815343 -0.4484431486 -0.7781494783  3.1846878144 -3.7280137512  3.1846878144 -0.7781494783 -0.4484431486
 -0.7781494783 -0.4484431486  0.2619815343 -0.4484431486 -0.7781494783  3.1846878144 -3.7280137512  3.1846878144
 -0.7781494783  3.1846878144 -3.7280137512  3.1846878144 -0.7781494783 -0.4484431486  0.2619815343 -0.4484431486
 -3.7280137512  3.1846878144 -0.7781494783 -0.4484431486  0.2619815343 -0.4484431486 -0.7781494783  3.1846878144
 -1.5626888688  1.2127880589 -1.5626888688  2.9061324697 -1.9561415260  1.4361328780 -1.9561415260  2.9061324697
 -1.9561415260  1.4361328780 -1.9561415260  2.9061324697 -1.5626888688  1.2127880589 -1.5626888688  2.9061324697
 -0.7781494783 -0.4484431486  0.2619815343 -0.4484431486 -0.7781494783  3.1846878144 -3.7280137512  3.1846878144
 -3.7280137512  3.1846878144 -0.7781494783 -0.4484431486  0.2619815343 -0.4484431486 -0.7781494783  3.1846878144
  0.0000000000 -0.0000000000  0.0000000000 -0.0000000000 -0.0000000000 -0.0000000000  0.0000000000 -0.0000000000
  0.0000000000  0.0000000000 -0.0000000000  0.0000000000 -0.0000000000  0.0000000000 -0.0000000000  0.0000000000
 -1.9561415260  2.9061324697 -1.5626888688  1.2127880589 -1.5626888688  2.9061324697 -1.9561415260  1.4361328780
 -0.0000000000  0.0000000000 -0.0000000000  0.0000000000 -0.0000000000  0.0000000000 -0.0000000000  0.0000000000
 -1.5626888688  2.9061324697 -1.9561415260  1.4361328780 -1.9561415260  2.9061324697 -1.5626888688  1.2127880589
 -1.9561415260  2.9061324697 -1.5626888688  1.2127880589 -1.5626888688  2.9061324697 -1.9561415260  1.4361328780
  0.2619815343 -0.4484431486 -0.7781494783  3.1846878144 -3.7280137512  3.1846878144 -0.7781494783 -0.4484431486
 -0.7781494783 -0.4484431486  0.2619815343 -0.4484431486 -0.7781494783  3.1846878144 -3.7280137512  3.1846878144
 -0.7781494783  3.1846878144 -3.7280137512  3.1846878144 -0.7781494783 -0.4484431486  0.2619815343 -0.4484431486
 -3.7280137512  3.1846878144 -0.7781494783 -0.4484431486  0.2619815343 -0.4484431486 -0.7781494783  3.1846878144
 -1.5626888688  1.2127880589 -1.5626888688  2.9061324697 -1.9561415260  1.4361328780 -1.9561415260  2.9061324697
 -1.9561415260  1.4361328780 -1.9561415260  2.9061324697 -1.5626888688  1.2127880589 -1.5626888688  2.9061324697
 -1.5626888688  2.9061324697 -1.9561415260  1.4361328780 -1.9561415260  2.9061324697 -1.5626888688  1.2127880589
 -1.9561415260  2.9061324697 -1.5626888688  1.2127880589 -1.5626888688  2.9061324697 -1.9561415260  1.4361328780
  0.2619815343 -0.4484431486 -0.7781494783  3.1846878144 -3.7280137512  3.1846878144 -0.7781494783 -0.4484431486
 -0.7781494783 -0.4484431486  0.2619815343 -0.4484431486 -0.7781494783  3.1846878144 -3.7280137512  3.1846878144
 -0.7781494783  3.1846878144 -3.7280137512  3.1846878144 -0.7781494783 -0.4484431486  0.2619815343 -0.4484431486
 -3.7280137512  3.1846878144 -0.7781494783 -0.4484431486  0.2619815343 -0.4484431486 -0.7781494783  3.1846878144
 -1.5626888688  1.2127880589 -1.5626888688  2.9061324697 -1.9561415260  1.4361328780 -1.9561415260  2.9061324697
 -1.9561415260  1.4361328780 -1.9561415260  2.9061324697 -1.5626888688  1.2127880589 -1.5626888688  2.9061324697
 -1.5626888688  2.9061324697 -1.9561415260  1.4361328780 -1.9561415260  2.9061324697 -1.5626888688  1.2127880589
 -1.9561415260  2.9061324697 -1.5626888688  1.2127880589 -1.5626888688  2.9061324697 -1.9561415260  1.4361328780
  0.2619815343 -0.4484431486 -0.7781494783  3.1846878144 -3.7280137512  3.1846878144 -0.7781494783 -0.4484431486
 -0.7781494783 -0.4484431486  0.2619815343 -0.4484431486 -0.7781494783  3.1846878144 -3.7280137512  3.1846878144
 -0.7781494783  3.1846878144 -3.7280137512  3.1846878144 -0.7781494783 -0.4484431486  0.2619815343 -0.4484431486
 -3.7280137512  3.1846878144 -0.7781494783 -0.4484431486  0.2619815343 -0.4484431486 -0.7781494783  3.1846878144
 -1.5626888688  1.2127880589 -1.5626888688  2.9061324697 -1.9561415260  1.4361328780 -1.9561415260  2.9061324697
 -1.9561415260  1.4361328780 -1.9561415260  2.9061324697 -1.5626888688  1.2127880589 -1.5626888688  2.9061324697
 -1.5626888688  2.9061324697 -1.9561415260  1.4361328780 -1.9561415260  2.9061324697 -1.5626888688  1.2127880589
 -1.9561415260  2.9061324697 -1.5626888688  1.2127880589 -1.5626888688  2.9061324697 -1.9561415260  1.4361328780
  0.2619815343 -0.4484431486 -0.7781494783  3.1846878144 -3.7280137512  3.1846878144 -0.7781494783 -0.4484431486
 -0.7781494783 -0.4484431486  0.2619815343 -0.4484431486 -0.7781494783  3.1846878144 -3.7280137512  3.1846878144
 -0.7781494783  3.1846878144 -3.7280137512  3.1846878144 -0.7781494783 -0.4484431486  0.2619815343 -0.4484431486
 -3.7280137512  3.1846878144 -0.7781494783 -0.4484431486  0.2619815343 -0.4484431486 -0.7781494783  3.1846878144
 -1.5626888688  1.2127880589 -1.5626888688  2.9061324697 -1.9561415260  1.4361328780 -1.9561415260  2.9061324697
 -1.9561415260  1.4361328780 -1.9561415260  2.9061324697 -1.5626888688  1.2127880589 -1.5626888688  2.9061324697
 -1.5626888688  2.9061324697 -1.9561415260  1.4361328780 -1.9561415260  2.9061324697 -1.5626888688  1.2127880589
 -1.9561415260  2.9061324697 -1.5626888688  1.2127880589 -1.5626888688  2.9061324697 -1.9561415260  1.4361328780
  0.2619815343 -0.4484431486 -0.7781494783  3.1846878144 -3.7280137512  3.1846878144 -0.7781494783 -0.4484431486
 -0.7781494783 -0.4484431486  0.2619815343 -0.4484431486 -0.7781494783  3.1846878144 -3.7280137512  3.1846878144
 -0.7781494783  3.1846878144 -3.7280137512  3.1846878144 -0.7781494783 -0.4484431486  0.2619815343 -0.4484431486
 -3.7280137512  3.1846878144 -0.7781494783 -0.4484431486  0.2619815343 -0.4484431486 -0.7781494783  3.1846878144
 -1.5626888688  1.2127880589 -1.5626888688  2.9061324697 -1.9561415260  1.4361328780 -1.9561415260  2.9061324697
 -1.9561415260  1.4361328780 -1.9561415260  2.9061324697 -1.5626888688  1.2127880589 -1.5626888688  2.9061324697
 -1.5626888688  2.9061324697 -1.9561415260  1.4361328780 -1.9561415260  2.9061324697 -1.5626888688  1.2127880589
 -1.9561415260  2.9061324697 -1.5626888688  1.2127880589 -1.5626888688  2.9061324697 -1.9561415260  1.4361328780
  0.2619815343 -0.4484431486 -0.7781494783  3.1846878144 -3.7280137512  3.1846878144 -0.7781494783 -0.4484431486
 -0.7781494783 -0.4484431486  0.2619815343 -0.4484431486 -0.7781494783  3.1846878144 -3.7280137512  3.1846878144
 -0.7781494783  3.1846878144 -3.7280137512  3.1846878144 -0.7781494783 -0.4484431486  0.2619815343 -0.4484431486
 -3.7280137512  3.1846878144 -0.7781494783 -0.4484431486  0.2619815343 -0.4484431486 -0.7781494783  3.1846878144
 -1.5626888688  1.2127880589 -1.5626888688  2.9061324697 -1.9561415260  1.4361328780 -1.9561415260  2.9061324697
 -1.9561415260  1.4361328780 -1.9561415260  2.9061324697 -1.5626888688  1.2127880589 -1.5626888688  2.9061324697
 -1.5626888688  2.9061324697 -1.9561415260  1.4361328780 -1.9561415260  2.9061324697 -1.5626888688  1.2127880589
 -0.0000000000  0.0000000000 -0.0000000000  0.0000000000 -0.0000000000  0.0000000000 -0.0000000000  0.0000000000
  0.2619815343 -0.4484431486 -0.7781494783  3.1846878144 -3.7280137512  3.1846878144 -0.7781494783 -0.4484431486
 -0.7781494783  3.1846878144 -3.7280137512  3.1846878144 -0.7781494783 -0.4484431486  0.2619815343 -0.4484431486
  0.0000000000  0.0000000000 -0.0000000000  0.0000000000 -0.0000000000  0.0000000000 -0.0000000000  0.0000000000
  0.0000000000 -0.0000000000  0.0000000000 -0.0000000000 -0.0000000000 -0.0000000000  0.0000000000 -0.0000000000
 -1.5626888688  1.2127880589 -1.5626888688  2.9061324697 -1.9561415260  1.4361328780 -1.9561415260  2.9061324697
 -1.9561415260  1.4361328780 -1.9561415260  2.9061324697 -1.5626888688  1.2127880589 -1.5626888688  2.9061324697
 -1.5626888688  2.9061324697 -1.9561415260  1.4361328780 -1.9561415260  2.9061324697 -1.5626888688  1.2127880589
 -1.9561415260  2.9061324697 -1.5626888688  1.2127880589 -1.5626888688  2.9061324697 -1.9561415260  1.4361328780
  0.2619815343 -0.4484431486 -0.7781494783  3.1846878144 -3.7280137512  3.1846878144 -0.7781494783 -0.4484431486
 -0.7781494783 -0.4484431486  0.2619815343 -0.4484431486 -0.7781494783  3.1846878144 -3.7280137512  3.1846878144
 -0.7781494783  3.1846878144 -3.7280137512  3.1846878144 -0.7781494783 -0.4484431486  0.2619815343 -0.4484431486
 -3.7280137512  3.1846878144 -0.7781494783 -0.4484431486  0.2619815343 -0.4484431486 -0.7781494783  3.1846878144
 -1.5626888688  1.2127880589 -1.5626888688  2.9061324697 -1.9561415260  1.4361328780 -1.9561415260  2.9061324697
 -1.9561415260  1.4361328780 -1.9561415260  2.9061324697 -1.5626888688  1.2127880589 -1.5626888688  2.9061324697
 -0.7781494783 -0.4484431486  0.2619815343 -0.4484431486 -0.7781494783  3.1846878144 -3.7280137512  3.1846878144
 -3.7280137512  3.1846878144 -0.7781494783 -0.4484431486  0.2619815343 -0.4484431486 -0.7781494783  3.1846878144
  0.0000000000 -0.0000000000  0.0000000000 -0.0000000000 -0.0000000000 -0.0000000000  0.0000000000 -0.0000000000
  0.0000000000  0.0000000000 -0.0000000000  0.0000000000 -0.0000000000  0.0000000000 -0.0000000000  0.0000000000
 -1.9561415260  2.9061324697 -1.5626888688  1.2127880589 -1.5626888688  2.9061324697 -1.9561415260  1.4361328780
 -0.0000000000  0.0000000000 -0.0000000000  0.0000000000 -0.0000000000  0.0000000000 -0.0000000000  0.0000000000
 -1.5626888688  2.9061324697 -1.9561415260  1.4361328780 -1.9561415260  2.9061324697 -1.5626888688  1.2127880589
 -1.9561415260  2.9061324697 -1.5626888688  1.2127880589 -1.5626888688  2.9061324697 -1.9561415260  1.4361328780
  0.2619815343 -0.4484431486 -0.7781494783  3.1846878144 -3.7280137512  3.1846878144 -0.7781494783 -0.4484431486
 -0.7781494783 -0.4484431486  0.2619815343 -0.4484431486 -0.7781494783  3.1846878144 -3.7280137512  3.1846878144
 -0.7781494783  3.1846878144 -3.7280137512  3.1846878144 -0.7781494783 -0.4484431486  0.2619815343 -0.4484431486
 -3.7280137512  3.1846878144 -0.7781494783 -0.4484431486  0.2619815343 -0.4484431486 -0.7781494783  3.1846878144
 -1.5626888688  1.2127880589 -1.5626888688  2.9061324697 -1.9561415260  1.4361328780 -1.9561415260  2.9061324697
 -1.9561415260  1.4361328780 -1.9561415260  2.9061324697 -1.5626888688  1.2127880589 -1.5626888688  2.9061324697
 -1.5626888688  2.9061324697 -1.9561415260  1.4361328780 -1.9561415260  2.9061324697 -1.5626888688  1.2127880589
 -1.9561415260  2.9061324697 -1.5626888688  1.2127880589 -1.5626888688  2.9061324697 -1.9561415260  1.4361328780
  0.2619815343 -0.4484431486 -0.7781494783  3.1846878144 -3.7280137512  3.1846878144 -0.7781494783 -0.4484431486
 -0.7781494783 -0.4484431486  0.2619815343 -0.4484431486 -0.7781494783  3.1846878144 -3.7280137512  3.1846878144
 -0.7781494783  3.1846878144 -3.7280137512  3.1846878144 -0.7781494783 -0.4484431486  0.2619815343 -0.4484431486
 -3.7280137512  3.1846878144 -0.7781494783 -0.4484431486  0.2619815343 -0.4484431486 -0.7781494783  3.1846878144
 -1.5626888688  1.2127880589 -1.5626888688  2.9061324697 -1.9561415260  1.4361328780 -1.9561415260  2.9061324697
 -1.9561415260  1.4361328780 -1.9561415260  2.9061324697 -1.5626888688  1.2127880589 -1.5626888688  2.9061324697
 -1.5626888688  2.9061324697 -1.9561415260  1.4361328780 -1.9561415260  2.9061324697 -1.5626888688  1.2127880589
 -1.9561415260  2.9061324697 -1.5626888688  1.2127880589 -1.5626888688  2.9061324697 -1.9561415260  1.4361328780
  0.2619815343 -0.4484431486 -0.7781494783  3.1846878144 -3.7280137512  3.1846878144 -0.7781494783 -0.4484431486
 -0.7781494783 -0.4484431486  0.2619815343 -0.4484431486 -0.7781494783  3.1846878144 -3.7280137512  3.1846878144
 -0.7781494783  3.1846878144 -3.7280137512  3.1846878144 -0.7781494783 -0.4484431486  0.2619815343 -0.4484431486
 -3.7280137512  3.1846878144 -0.7781494783 -0.4484431486  0.2619815343 -0.4484431486 -0.7781494783  3.1846878144
 -1.5626888688  1.2127880589 -1.5626888688  2.9061324697 -1.9561415260  1.4361328780 -1.9561415260  2.9061324697
 -1.9561415260  1.4361328780 -1.9561415260  2.9061324697 -1.5626888688  1.2127880589 -1.5626888688  2.9061324697
 -1.5626888688  2.9061324697 -1.9561415260  1.4361328780 -1.9561415260  2.9061324697 -1.5626888688  1.2127880589
 -1.9561415260  2.9061324697 -1.5626888688  1.2127880589 -1.5626888688  2.9061324697 -1.9561415260  1.4361328780
  0.2619815343 -0.4484431486 -0.7781494783  3.1846878144 -3.7280137512  3.1846878144 -0.7781494783 -0.4484431486
 -0.7781494783 -0.4484431486  0.2619815343 -0.4484431486 -0.7781494783  3.1846878144 -3.7280137512  3.1846878144
 -0.7781494783  3.1846878144 -3.7280137512  3.1846878144 -0.7781494783 -0.4484431486  0.2619815343 -0.4484431486
 -3.7280137512  3.1846878144 -0.7781494783 -0.4484431486  0.2619815343 -0.4484431486 -0.7781494783  3.1846878144
 -1.5626888688  1.2127880589 -1.5626888688  2.9061324697 -1.9561415260  1.4361328780 -1.9561415260  2.9061324697
 -1.9561415260  1.4361328780 -1.9561415260  2.9061324697 -1.5626888688  1.2127880589 -1.5626888688  2.9061324697
 -1.5626888688  2.9061324697 -1.9561415260  1.4361328780 -1.9561415260  2.9061324697 -1.5626888688  1.2127880589
 -1.9561415260  2.9061324697 -1.5626888688  1.2127880589 -1.5626888688  2.9061324697 -1.9561415260  1.4361328780
  0.2619815343 -0.4484431486 -0.7781494783  3.1846878144 -3.7280137512  3.1846878144 -0.7781494783 -0.4484431486
 -0.7781494783 -0.4484431486  0.2619815343 -0.4484431486 -0.7781494783  3.1846878144 -3.7280137512  3.1846878144
 -0.7781494783  3.1846878144 -3.7280137512  3.1846878144 -0.7781494783 -0.4484431486  0.2619815343 -0.4484431486
 -3.7280137512  3.1846878144 -0.7781494783 -0.4484431486  0.2619815343 -0.4484431486 -0.7781494783  3.1846878144
 -1.5626888688  1.2127880589 -1.5626888688  2.9061324697 -1.9561415260  1.4361328780 -1.9561415260  2.9061324697
 -1.9561415260  1.4361328780 -1.9561415260  2.9061324697 -1.5626888688  1.2127880589 -1.5626888688  2.9061324697
 -1.5626888688  2.9061324697 -1.9561415260  1.4361328780 -1.9561415260  2.9061324697 -1.5626888688  1.2127880589
 -1.9561415260  2.9061324697 -1.5626888688  1.2127880589 -1.5626888688  2.9061324697 -1.9561415260  1.4361328780
  0.2619815343 -0.4484431486 -0.7781494783  3.1846878144 -3.7280137512  3.1846878144 -0.7781494783 -0.4484431486
 -0.7781494783 -0.4484431486  0.2619815343 -0.4484431486 -0.7781494783  3.1846878144 -3.7280137512  3.1846878144
 -0.7781494783  3.1846878144 -3.7280137512  3.1846878144 -0.7781494783 -0.4484431486  0.2619815343 -0.4484431486
 -3.7280137512  3.1846878144 -0.7781494783 -0.4484431486  0.2619815343 -0.4484431486 -0.7781494783  3.1846878144
 -1.5626888688  1.2127880589 -1.5626888688  2.9061324697 -1.9561415260  1.4361328780 -1.9561415260  2.9061324697
 -1.9561415260  1.4361328780 -1.9561415260  2.9061324697 -1.5626888688  1.2127880589 -1.5626888688  2.9061324697
 -1.5626888688  2.9061324697 -1.9561415260  1.4361328780 -1.9561415260  2.9061324697 -1.5626888688  1.2127880589
 -0.0000000000  0.0000000000 -0.0000000000  0.0000000000 -0.0000000000  0.0000000000 -0.0000000000  0.0000000000
  0.2619815343 -0.4484431486 -0.7781494783  3.1846878144 -3.7280137512  3.1846878144 -0.7781494783 -0.4484431486
 -0.7781494783  3.1846878144 -3.7280137512  3.1846878144 -0.7781494783 -0.4484431486  0.2619815343 -0.4484431486
  0.0000000000  0.0000000000 -0.0000000000  0.0000000000 -0.0000000000  0.0000000000 -0.0000000000  0.0000000000
  0.0000000000 -0.0000000000  0.0000000000 -0.0000000000 -0.0000000000 -0.0000000000  0.0000000000 -0.0000000000
 -1.5626888688  1.2127880589 -1.5626888688  2.9061324697 -1.9561415260  1.4361328780 -1.9561415260  2.9061324697
 -1.9561415260  1.4361328780 -1.9561415260  2.9061324697 -1.5626888688  1.2127880589 -1.5626888688  2.9061324697
 -1.5626888688  2.9061324697 -1.9561415260  1.4361328780 -1.9561415260  2.9061324697 -1.5626888688  1.2127880589
 -1.9561415260  2.9061324697 -1.5626888688  1.2127880589 -1.5626888688  2.9061324697 -1.9561415260  1.4361328780
  0.2619815343 -0.4484431486 -0.7781494783  3.1846878144 -3.7280137512  3.1846878144 -0.7781494783 -0.4484431486
 -0.7781494783 -0.4484431486  0.2619815343 -0.4484431486 -0.7781494783  3.1846878144 -3.7280137512  3.1846878144
 -0.7781494783  3.1846878144 -3.7280137512  3.1846878144 -0.7781494783 -0.4484431486  0.2619815343 -0.4484431486
 -3.7280137512  3.1846878144 -0.7781494783 -0.4484431486  0.2619815343 -0.4484431486 -0.7781494783  3.1846878144
 -1.5626888688  1.2127880589 -1.5626888688  2.9061324697 -1.9561415260  1.4361328780 -1.9561415260  2.9061324697
 -1.9561415260  1.4361328780 -1.9561415260  2.9061324697 -1.5626888688  1.2127880589 -1.5626888688  2.9061324697
 -0.7781494783 -0.4484431486  0.2619815343 -0.4484431486 -0.7781494783  3.1846878144 -3.7280137512  3.1846878144
 -3.7280137512  3.1846878144 -0.7781494783 -0.4484431486  0.2619815343 -0.4484431486 -0.7781494783  3.1846878144
  0.0000000000 -0.0000000000  0.0000000000 -0.0000000000 -0.0000000000 -0.0000000000  0.0000000000 -0.0000000000
  0.0000000000  0.0000000000 -0.0000000000  0.0000000000 -0.0000000000  0.0000000000 -0.0000000000  0.0000000000
 -1.9561415260  2.9061324697 -1.5626888688  1.2127880589 -1.5626888688  2.9061324697 -1.9561415260  1.4361328780
 -0.0000000000  0.0000000000 -0.0000000000  0.0000000000 -0.0000000000  0.0000000000 -0.0000000000  0.0000000000
 -1.5626888688  2.9061324697 -1.9561415260  1.4361328780 -1.9561415260  2.9061324697 -1.5626888688  1.2127880589
 -1.9561415260  2.9061324697 -1.5626888688  1.2127880589 -1.5626888688  2.9061324697 -1.9561415260  1.4361328780
  0.2619815343 -0.4484431486 -0.7781494783  3.1846878144 -3.7280137512  3.1846878144 -0.7781494783 -0.4484431486
 -0.7781494783 -0.4484431486  0.2619815343 -0.4484431486 -0.7781494783  3.1846878144 -3.7280137512  3.1846878144
 -0.7781494783  3.1846878144 -3.7280137512  3.1846878144 -0.7781494783 -0.4484431486  0.2619815343 -0.4484431486
 -3.7280137512  3.1846878144 -0.7781494783 -0.4484431486  0.2619815343 -0.4484431486 -0.7781494783  3.1846878144
 -1.5626888688  1.2127880589 -1.5626888688  2.9061324697 -1.9561415260  1.4361328780 -1.9561415260  2.9061324697
 -1.9561415260  1.4361328780 -1.9561415260  2.9061324697 -1.5626888688  1.2127880589 -1.5626888688  2.9061324697
 -1.5626888688  2.9061324697 -1.9561415260  1.4361328780 -1.9561415260  2.9061324697 -1.5626888688  1.2127880589
 -1.9561415260  2.9061324697 -1.5626888688  1.2127880589 -1.5626888688  2.9061324697 -1.9561415260  1.4361328780
  0.2619815343 -0.4484431486 -0.7781494783  3.1846878144 -3.7280137512  3.1846878144 -0.7781494783 -0.4484431486
 -0.7781494783 -0.4484431486  0.2619815343 -0.4484431486 -0.7781494783  3.1846878144 -3.7280137512  3.1846878144
 -0.7781494783  3.1846878144 -3.7280137512  3.1846878144 -0.7781494783 -0.4484431486  0.2619815343 -0.4484431486
 -3.7280137512  3.1846878144 -0.7781494783 -0.4484431486  0.2619815343 -0.4484431486 -0.7781494783  3.1846878144
 -1.5626888688  1.2127880589 -1.5626888688  2.9061324697 -1.9561415260  1.4361328780 -1.9561415260  2.9061324697
 -1.9561415260  1.4361328780 -1.9561415260  2.9061324697 -1.5626888688  1.2127880589 -1.5626888688  2.9061324697
 -1.5626888688  2.9061324697 -1.9561415260  1.4361328780 -1.9561415260  2.9061324697 -1.5626888688  1.2127880589
 -1.9561415260  2.9061324697 -1.5626888688  1.2127880589 -1.5626888688  2.9061324697 -1.9561415260  1.4361328780
  0.2619815343 -0.4484431486 -0.7781494783  3.1846878144 -3.7280137512  3.1846878144 -0.7781494783 -0.4484431486
 -0.7781494783 -0.4484431486  0.2619815343 -0.4484431486 -0.7781494783  3.1846878144 -3.7280137512  3.1846878144
 -0.7781494783  3.1846878144 -3.7280137512  3.1846878144 -0.7781494783 -0.4484431486  0.2619815343 -0.4484431486
 -3.7280137512  3.1846878144 -0.7781494783 -0.4484431486  0.2619815343 -0.4484431486 -0.7781494783  3.1846878144
 -1.5626888688  1.2127880589 -1.5626888688  2.9061324697 -1.9561415260  1.4361328780 -1.9561415260  2.9061324697
 -1.9561415260  1.4361328780 -1.9561415260  2.9061324697 -1.5626888688  1.2127880589 -1.5626888688  2.9061324697
 -1.5626888688  2.9061324697 -1.9561415260  1.4361328780 -1.9561415260  2.9061324697 -1.5626888688  1.2127880589
 -1.9561415260  2.9061324697 -1.5626888688  1.2127880589 -1.5626888688  2.9061324697 -1.9561415260  1.4361328780
  0.2619815343 -0.4484431486 -0.7781494783  3.1846878144 -3.7280137512  3.1846878144 -0.7781494783 -0.4484431486
 -0.7781494783 -0.4484431486  0.2619815343 -0.4484431486 -0.7781494783  3.1846878144 -3.7280137512  3.1846878144
 -0.7781494783  3.1846878144 -3.7280137512  3.1846878144 -0.7781494783 -0.4484431486  0.2619815343 -0.4484431486
 -3.7280137512  3.1846878144 -0.7781494783 -0.4484431486  0.2619815343 -0.4484431486 -0.7781494783  3.1846878144
 -1.5626888688  1.2127880589 -1.5626888688  2.9061324697 -1.9561415260  1.4361328780 -1.9561415260  2.9061324697
 -1.9561415260  1.4361328780 -1.9561415260  2.9061324697 -1.5626888688  1.2127880589 -1.5626888688  2.9061324697
 -1.5626888688  2.9061324697 -1.9561415260  1.4361328780 -1.9561415260  2.9061324697 -1.5626888688  1.2127880589
 -1.9561415260  2.9061324697 -1.5626888688  1.2127880589 -1.5626888688  2.9061324697 -1.9561415260  1.4361328780
  0.2619815343 -0.4484431486 -0.7781494783  3.1846878144 -3.7280137512  3.1846878144 -0.7781494783 -0.4484431486
 -0.7781494783 -0.4484431486  0.2619815343 -0.4484431486 -0.7781494783  3.1846878144 -3.7280137512  3.1846878144
 -0.7781494783  3.1846878144 -3.7280137512  3.1846878144 -0.7781494783 -0.4484431486  0.2619815343 -0.4484431486
 -3.7280137512  3.1846878144 -0.7781494783 -0.4484431486  0.2619815343 -0.4484431486 -0.7781494783  3.1846878144
 -1.5626888688  1.2127880589 -1.5626888688  2.9061324697 -1.9561415260  1.4361328780 -1.9561415260  2.9061324697
 -1.9561415260  1.4361328780 -1.9561415260  2.9061324697 -1.5626888688  1.2127880589 -1.5626888688  2.9061324697
 -1.5626888688  2.9061324697 -1.9561415260  1.4361328780 -1.9561415260  2.9061324697 -1.5626888688  1.2127880589
 -1.9561415260  2.9061324697 -1.5626888688  1.2127880589 -1.5626888688  2.9061324697 -1.9561415260  1.4361328780
  0.2619815343 -0.4484431486 -0.7781494783  3.1846878144 -3.7280137512  3.1846878144 -0.7781494783 -0.4484431486
 -0.7781494783 -0.4484431486  0.2619815343 -0.4484431486 -0.7781494783  3.1846878144 -3.7280137512  3.1846878144
 -0.7781494783  3.1846878144 -3.7280137512  3.1846878144 -0.7781494783 -0.4484431486  0.2619815343 -0.4484431486
 -3.7280137512  3.1846878144 -0.7781494783 -0.4484431486  0.2619815343 -0.4484431486 -0.7781494783  3.1846878144
 -1.5626888688  1.2127880589 -1.5626888688  2.9061324697 -1.9561415260  1.4361328780 -1.9561415260  2.9061324697
 -1.9561415260  1.4361328780 -1.9561415260  2.9061324697 -1.5626888688  1.2127880589 -1.5626888688  2.9061324697
 -1.5626888688  2.9061324697 -1.9561415260  1.4361328780 -1.9561415260  2.9061324697 -1.5626888688  1.2127880589
 -0.0000000000  0.0000000000 -0.0000000000  0.0000000000 -0.0000000000  0.0000000000 -0.0000000000  0.0000000000
  0.2619815343 -0.4484431486 -0.7781494783  3.1846878144 -3.7280137512  3.1846878144 -0.7781494783 -0.4484431486
 -0.7781494783  3.1846878144 -3.7280137512  3.1846878144 -0.7781494783 -0.4484431486  0.2619815343 -0.4484431486
  0.0000000000  0.0000000000 -0.0000000000  0.0000000000 -0.0000000000  0.0000000000 -0.0000000000  0.0000000000
  0.0000000000 -0.0000000000  0.0000000000 -0.0000000000 -0.0000000000 -0.0000000000  0.0000000000 -0.0000000000
 -1.5626888688  1.2127880589 -1.5626888688  2.9061324697 -1.9561415260  1.4361328780 -1.9561415260  2.9061324697
 -1.9561415260  1.4361328780 -1.9561415260  2.9061324697 -1.5626888688  1.2127880589 -1.5626888688  2.9061324697
 -1.5626888688  2.9061324697 -1.9561415260  1.4361328780 -1.9561415260  2.9061324697 -1.5626888688  1.2127880589
 -1.9561415260  2.9061324697 -1.5626888688  1.2127880589 -1.5626888688  2.9061324697 -1.9561415260  1.4361328780
  0.2619815343 -0.4484431486 -0.7781494783  3.1846878144 -3.7280137512  3.1846878144 -0.7781494783 -0.4484431486
 -0.7781494783 -0.4484431486  0.2619815343 -0.4484431486 -0.7781494783  3.1846878144 -3.7280137512  3.1846878144
 -0.7781494783  3.1846878144 -3.7280137512  3.1846878144 -0.7781494783 -0.4484431486  0.2619815343 -0.4484431486
 -3.7280137512  3.1846878144 -0.7781494783 -0.4484431486  0.2619815343 -0.4484431486 -0.7781494783  3.1846878144
 -1.5626888688  1.2127880589 -1.5626888688  2.9061324697 -1.9561415260  1.4361328780 -1.9561415260  2.9061324697
 -1.9561415260  1.4361328780 -1.9561415260  2.9061324697 -1.5626888688  1.2127880589 -1.5626888688  2.9061324697
 -0.7781494783 -0.4484431486  0.2619815343 -0.4484431486 -0.7781494783  3.1846878144 -3.7280137512  3.1846878144
 -3.7280137512  3.1846878144 -0.7781494783 -0.4484431486  0.2619815343 -0.4484431486 -0.7781494783  3.1846878144
  0.0000000000 -0.0000000000  0.0000000000 -0.0000000000 -0.0000000000 -0.0000000000  0.0000000000 -0.0000000000
  0.0000000000  0.0000000000 -0.0000000000  0.0000000000 -0.0000000000  0.0000000000 -0.0000000000  0.0000000000
 -1.9561415260  2.9061324697 -1.5626888688  1.2127880589 -1.5626888688  2.9061324697 -1.9561415260  1.4361328780
 -0.0000000000  0.0000000000 -0.0000000000  0.0000000000 -0.0000000000  0.0000000000 -0.0000000000  0.0000000000
 -1.5626888688  2.9061324697 -1.9561415260  1.4361328780 -1.9561415260  2.9061324697 -1.5626888688  1.2127880589
 -1.9561415260  2.9061324697 -1.5626888688  1.2127880589 -1.5626888688  2.9061324697 -1.9561415260  1.4361328780
  0.2619815343 -0.4484431486 -0.7781494783  3.1846878144 -3.7280137512  3.1846878144 -0.7781494783 -0.4484431486
 -0.7781494783 -0.4484431486  0.2619815343 -0.4484431486 -0.7781494783  3.1846878144 -3.7280137512  3.1846878144
 -0.7781494783  3.1846878144 -3.7280137512  3.1846878144 -0.7781494783 -0.4484431486  0.2619815343 -0.4484431486
 -3.7280137512  3.1846878144 -0.7781494783 -0.4484431486  0.2619815343 -0.4484431486 -0.7781494783  3.1846878144
 -1.5626888688  1.2127880589 -1.5626888688  2.9061324697 -1.9561415260  1.4361328780 -1.9561415260  2.9061324697
 -1.9561415260  1.4361328780 -1.9561415260  2.9061324697 -1.5626888688  1.2127880589 -1.5626888688  2.9061324697
 -1.5626888688  2.9061324697 -1.9561415260  1.4361328780 -1.9561415260  2.9061324697 -1.5626888688  1.2127880589
 -1.9561415260  2.9061324697 -1.5626888688  1.2127880589 -1.5626888688  2.9061324697 -1.9561415260  1.4361328780
  0.2619815343 -0.4484431486 -0.7781494783  3.1846878144 -3.7280137512  3.1846878144 -0.7781494783 -0.4484431486
 -0.7781494783 -0.4484431486  0.2619815343 -0.4484431486 -0.7781494783  3.1846878144 -3.7280137512  3.1846878144
 -0.7781494783  3.1846878144 -3.7280137512  3.1846878144 -0.7781494783 -0.4484431486  0.2619815343 -0.4484431486
 -3.7280137512  3.1846878144 -0.7781494783 -0.4484431486  0.2619815343 -0.4484431486 -0.7781494783  3.1846878144
 -1.5626888688  1.2127880589 -1.5626888688  2.9061324697 -1.9561415260  1.4361328780 -1.9561415260  2.9061324697
 -1.9561415260  1.4361328780 -1.9561415260  2.9061324697 -1.5626888688  1.2127880589 -1.5626888688  2.9061324697
 -1.5626888688  2.9061324697 -1.9561415260  1.4361328780 -1.9561415260  2.9061324697 -1.5626888688  1.2127880589
 -1.9561415260  2.9061324697 -1.5626888688  1.2127880589 -1.5626888688  2.9061324697 -1.9561415260  1.4361328780
  0.2619815343 -0.4484431486 -0.7781494783  3.1846878144 -3.7280137512  3.1846878144 -0.7781494783 -0.4484431486
 -0.7781494783 -0.4484431486  0.2619815343 -0.4484431486 -0.7781494783  3.1846878144 -3.7280137512  3.1846878144
 -0.7781494783  3.1846878144 -3.7280137512  3.1846878144 -0.7781494783 -0.4484431486  0.2619815343 -0.4484431486
 -3.7280137512  3.1846878144 -0.7781494783 -0.4484431486  0.2619815343 -0.4484431486 -0.7781494783  3.1846878144
 -1.5626888688  1.2127880589 -1.5626888688  2.9061324697 -1.9561415260  1.4361328780 -1.9561415260  2.9061324697
 -1.9561415260  1.4361328780 -1.9561415260  2.9061324697 -1.5626888688  1.2127880589 -1.5626888688  2.9061324697
 -1.5626888688  2.9061324697 -1.9561415260  1.4361328780 -1.9561415260  2.9061324697 -1.5626888688  1.2127880589
 -1.9561415260  2.9061324697 -1.5626888688  1.2127880589 -1.5626888688  2.9061324697 -1.9561415260  1.4361328780
  0.2619815343 -0.4484431486 -0.7781494783  3.1846878144 -3.7280137512  3.1846878144 -0.7781494783 -0.4484431486
 -0.7781494783 -0.4484431486  0.2619815343 -0.4484431486 -0.7781494783  3.1846878144 -3.7280137512  3.1846878144
 -0.7781494783  3.1846878144 -3.7280137512  3.1846878144 -0.7781494783 -0.4484431486  0.2619815343 -0.4484431486
 -3.7280137512  3.1846878144 -0.7781494783 -0.4484431486  0.2619815343 -0.4484431486 -0.7781494783  3.1846878144
 -1.5626888688  1.2127880589 -1.5626888688  2.9061324697 -1.9561415260  1.4361328780 -1.9561415260  2.9061324697
 -1.9561415260  1.4361328780 -1.9561415260  2.9061324697 -1.5626888688  1.2127880589 -1.5626888688  2.9061324697
 -1.5626888688  2.9061324697 -1.9561415260  1.4361328780 -1.9561415260  2.9061324697 -1.5626888688  1.2127880589
 -1.9561415260  2.9061324697 -1.5626888688  1.2127880589 -1.5626888688  2.9061324697 -1.9561415260  1.4361328780
  0.2619815343 -0.4484431486 -0.7781494783  3.1846878144 -3.7280137512  3.1846878144 -0.7781494783 -0.4484431486
 -0.7781494783 -0.4484431486  0.2619815343 -0.4484431486 -0.7781494783  3.1846878144 -3.7280137512  3.1846878144
 -0.7781494783  3.1846878144 -3.7280137512  3.1846878144 -0.7781494783 -0.4484431486  0.2619815343 -0.4484431486
 -3.7280137512  3.1846878144 -0.7781494783 -0.4484431486  0.2619815343 -0.4484431486 -0.7781494783  3.1846878144
 -1.5626888688  1.2127880589 -1.5626888688  2.9061324697 -1.9561415260  1.4361328780 -1.9561415260  2.9061324697
 -1.9561415260  1.4361328780 -1.9561415260  2.9061324697 -1.5626888688  1.2127880589 -1.5626888688  2.9061324697
 -1.5626888688  2.9061324697 -1.9561415260  1.4361328780 -1.9561415260  2.9061324697 -1.5626888688  1.2127880589
 -1.9561415260  2.9061324697 -1.5626888688  1.2127880589 -1.5626888688  2.9061324697 -1.9561415260  1.4361328780
  0.2619815343 -0.4484431486 -0.7781494783  3.1846878144 -3.7280137512  3.1846878144 -0.7781494783 -0.4484431486
 -0.7781494783 -0.4484431486  0.2619815343 -0.4484431486 -0.7781494783  3.1846878144 -3.7280137512  3.1846878144
 -0.7781494783  3.1846878144 -3.7280137512  3.1846878144 -0.7781494783 -0.4484431486  0.2619815343 -0.4484431486
 -3.7280137512  3.1846878144 -0.7781494783 -0.4484431486  0.2619815343 -0.4484431486 -0.7781494783  3.1846878144
 -1.5626888688  1.2127880589 -1.5626888688  2.9061324697 -1.9561415260  1.4361328780 -1.9561415260  2.9061324697
 -1.9561415260  1.4361328780 -1.9561415260  2.9061324697 -1.5626888688  1.2127880589 -1.5626888688  2.9061324697
 -1.5626888688  2.9061324697 -1.9561415260  1.4361328780 -1.9561415260  2.9061324697 -1.5626888688  1.2127880589
 -0.0000000000  0.0000000000 -0.0000000000  0.0000000000 -0.0000000000  0.0000000000 -0.0000000000  0.0000000000
  0.2619815343 -0.4484431486 -0.7781494783  3.1846878144 -3.7280137512  3.1846878144 -0.7781494783 -0.4484431486
 -0.7781494783  3.1846878144 -3.7280137512  3.1846878144 -0.7781494783 -0.4484431486  0.2619815343 -0.4484431486
  0.0000000000  0.0000000000 -0.0000000000  0.0000000000 -0.0000000000  0.0000000000 -0.0000000000  0.0000000000
  0.0000000000 -0.0000000000  0.0000000000 -0.0000000000 -0.0000000000 -0.0000000000  0.0000000000 -0.0000000000
 -1.5626888688  1.2127880589 -1.5626888688  2.9061324697 -1.9561415260  1.4361328780 -1.9561415260  2.9061324697
 -1.9561415260  1.4361328780 -1.9561415260  2.9061324697 -1.5626888688  1.2127880589 -1.5626888688  2.9061324697
 -1.5626888688  2.9061324697 -1.9561415260  1.4361328780 -1.9561415260  2.9061324697 -1.5626888688  1.2127880589
 -1.9561415260  2.9061324697 -1.5626888688  1.2127880589 -1.5626888688  2.9061324697 -1.9561415260  1.4361328780
  0.2619815343 -0.4484431486 -0.7781494783  3.1846878144 -3.7280137512  3.1846878144 -0.7781494783 -0.4484431486
 -0.7781494783 -0.4484431486  0.2619815343 -0.4484431486 -0.7781494783  3.1846878144 -3.7280137512  3.1846878144
 -0.7781494783  3.1846878144 -3.7280137512  3.1846878144 -0.7781494783 -0.4484431486  0.2619815343 -0.4484431486
 -3.7280137512  3.1846878144 -0.7781494783 -0.4484431486  0.2619815343 -0.4484431486 -0.7781494783  3.1846878144
 -1.5626888688  1.2127880589 -1.5626888688  2.9061324697 -1.9561415260  1.4361328780 -1.9561415260  2.9061324697
 -1.9561415260  1.4361328780 -1.9561415260  2.9061324697 -1.5626888688  1.2127880589 -1.5626888688  2.9061324697
 -0.7781494783 -0.4484431486  0.2619815343 -0.4484431486 -0.7781494783  3.1846878144 -3.7280137512  3.1846878144
 -3.7280137512  3.1846878144 -0.7781494783 -0.4484431486  0.2619815343 -0.4484431486 -0.7781494783  3.1846878144
  0.0000000000 -0.0000000000  0.0000000000 -0.0000000000 -0.0000000000 -0.0000000000  0.0000000000 -0.0000000000
  0.0000000000  0.0000000000 -0.0000000000  0.0000000000 -0.0000000000  0.0000000000 -0.0000000000  0.0000000000
 -1.9561415260  2.9061324697 -1.5626888688  1.2127880589 -1.5626888688  2.9061324697 -1.9561415260  1.4361328780
 -0.0000000000  0.0000000000 -0.0000000000  0.0000000000 -0.0000000000  0.0000000000 -0.0000000000  0.0000000000
 -1.5626888688  2.9061324697 -1.9561415260  1.4361328780 -1.9561415260  2.9061324697 -1.5626888688  1.2127880589
 -1.9561415260  2.9061324697 -1.5626888688  1.2127880589 -1.5626888688  2.9061324697 -1.9561415260  1.4361328780
  0.2619815343 -0.4484431486 -0.7781494783  3.1846878144 -3.7280137512  3.1846878144 -0.7781494783 -0.4484431486
 -0.7781494783 -0.4484431486  0.2619815343 -0.4484431486 -0.7781494783  3.1846878144 -3.7280137512  3.1846878144
 -0.7781494783  3.1846878144 -3.7280137512  3.1846878144 -0.7781494783 -0.4484431486  0.2619815343 -0.4484431486
 -3.7280137512  3.1846878144 -0.7781494783 -0.4484431486  0.2619815343 -0.4484431486 -0.7781494783  3.1846878144
 -1.5626888688  1.2127880589 -1.5626888688  2.9061324697 -1.9561415260  1.4361328780 -1.9561415260  2.9061324697
 -1.9561415260  1.4361328780 -1.9561415260  2.9061324697 -1.5626888688  1.2127880589 -1.5626888688  2.9061324697
 -1.5626888688  2.9061324697 -1.9561415260  1.4361328780 -1.9561415260  2.9061324697 -1.5626888688  1.2127880589
 -1.9561415260  2.9061324697 -1.5626888688  1.2127880589 -1.5626888688  2.9061324697 -1.9561415260  1.4361328780
  0.2619815343 -0.4484431486 -0.7781494783  3.1846878144 -3.7280137512  3.1846878144 -0.7781494783 -0.4484431486
 -0.7781494783 -0.4484431486  0.2619815343 -0.4484431486 -0.7781494783  3.1846878144 -3.7280137512  3.1846878144
 -0.7781494783  3.1846878144 -3.7280137512  3.1846878144 -0.7781494783 -0.4484431486  0.2619815343 -0.4484431486
 -3.7280137512  3.1846878144 -0.7781494783 -0.4484431486  0.2619815343 -0.4484431486 -0.7781494783  3.1846878144
 -1.5626888688  1.2127880589 -1.5626888688  2.9061324697 -1.9561415260  1.4361328780 -1.9561415260  2.9061324697
 -1.9561415260  1.4361328780 -1.9561415260  2.9061324697 -1.5626888688  1.2127880589 -1.5626888688  2.9061324697
 -1.5626888688  2.9061324697 -1.9561415260  1.4361328780 -1.9561415260  2.9061324697 -1.5626888688  1.2127880589
 -1.9561415260  2.9061324697 -1.5626888688  1.2127880589 -1.5626888688  2.9061324697 -1.9561415260  1.4361328780
  0.2619815343 -0.4484431486 -0.7781494783  3.1846878144 -3.7280137512  3.1846878144 -0.7781494783 -0.4484431486
 -0.7781494783 -0.4484431486  0.2619815343 -0.4484431486 -0.7781494783  3.1846878144 -3.7280137512  3.1846878144
 -0.7781494783  3.1846878144 -3.7280137512  3.1846878144 -0.7781494783 -0.4484431486  0.2619815343 -0.4484431486
 -3.7280137512  3.1846878144 -0.7781494783 -0.4484431486  0.2619815343 -0.4484431486 -0.7781494783  3.1846878144
 -1.5626888688  1.2127880589 -1.5626888688  2.9061324697 -1.9561415260  1.4361328780 -1.9561415260  2.9061324697
 -1.9561415260  1.4361328780 -1.9561415260  2.9061324697 -1.5626888688  1.2127880589 -1.5626888688  2.9061324697
 -1.5626888688  2.9061324697 -1.9561415260  1.4361328780 -1.9561415260  2.9061324697 -1.5626888688  1.2127880589
 -1.9561415260  2.9061324697 -1.5626888688  1.2127880589 -1.5626888688  2.9061324697 -1.9561415260  1.4361328780
  0.2619815343 -0.4484431486 -0.7781494783  3.1846878144 -3.7280137512  3.1846878144 -0.7781494783 -0.4484431486
 -0.7781494783 -0.4484431486  0.2619815343 -0.4484431486 -0.7781494783  3.1846878144 -3.7280137512  3.1846878144
 -0.7781494783  3.1846878144 -3.7280137512  3.1846878144 -0.7781494783 -0.4484431486  0.2619815343 -0.4484431486
 -3.7280137512  3.1846878144 -0.7781494783 -0.4484431486  0.2619815343 -0.4484431486 -0.7781494783  3.1846878144
 -1.5626888688  1.2127880589 -1.5626888688  2.9061324697 -1.9561415260  1.4361328780 -1.9561415260  2.9061324697
 -1.9561415260  1.4361328780 -1.9561415260  2.9061324697 -1.5626888688  1.2127880589 -1.5626888688  2.9061324697
 -1.5626888688  2.9061324697 -1.9561415260  1.4361328780 -1.9561415260  2.9061324697 -1.5626888688  1.2127880589
 -1.9561415260  2.9061324697 -1.5626888688  1.2127880589 -1.5626888688  2.9061324697 -1.9561415260  1.4361328780
  0.2619815343 -0.4484431486 -0.7781494783  3.1846878144 -3.7280137512  3.1846878144 -0.7781494783 -0.4484431486
 -0.7781494783 -0.4484431486  0.2619815343 -0.4484431486 -0.7781494783  3.1846878144 -3.7280137512  3.1846878144
 -0.7781494783  3.1846878144 -3.7280137512  3.1846878144 -0.7781494783 -0.4484431486  0.2619815343 -0.4484431486
 -3.7280137512  3.1846878144 -0.7781494783 -0.4484431486  0.2619815343 -0.4484431486 -0.7781494783  3.1846878144
 -1.5626888688  1.2127880589 -1.5626888688  2.9061324697 -1.9561415260  1.4361328780 -1.9561415260  2.9061324697
 -1.9561415260  1.4361328780 -1.9561415260  2.9061324697 -1.5626888688  1.2127880589 -1.5626888688  2.9061324697
 -1.5626888688  2.9061324697 -1.9561415260  1.4361328780 -1.9561415260  2.9061324697 -1.5626888688  1.2127880589
 -1.9561415260  2.9061324697 -1.5626888688  1.2127880589 -1.5626888688  2.9061324697 -1.9561415260  1.4361328780
  0.2619815343 -0.4484431486 -0.7781494783  3.1846878144 -3.7280137512  3.1846878144 -0.7781494783 -0.4484431486
 -0.7781494783 -0.4484431486  0.2619815343 -0.4484431486 -0.7781494783  3.1846878144 -3.7280137512  3.1846878144
 -0.7781494783  3.1846878144 -3.7280137512  3.1846878144 -0.7781494783 -0.4484431486  0.2619815343 -0.4484431486
 -3.7280137512  3.1846878144 -0.7781494783 -0.4484431486  0.2619815343 -0.4484431486 -0.7781494783  3.1846878144
 -1.5626888688  1.2127880589 -1.5626888688  2.9061324697 -1.9561415260  1.4361328780 -1.9561415260  2.9061324697
 -1.9561415260  1.4361328780 -1.9561415260  2.9061324697 -1.5626888688  1.2127880589 -1.5626888688  2.9061324697
 -1.5626888688  2.9061324697 -1.9561415260  1.4361328780 -1.9561415260  2.9061324697 -1.5626888688  1.2127880589
 -0.0000000000  0.0000000000 -0.0000000000  0.0000000000 -0.0000000000  0.0000000000 -0.0000000000  0.0000000000
  0.2619815343 -0.4484431486 -0.7781494783  3.1846878144 -3.7280137512  3.1846878144 -0.7781494783 -0.4484431486
 -0.7781494783  3.1846878144 -3.7280137512  3.1846878144 -0.7781494783 -0.4484431486  0.2619815343 -0.4484431486
  0.0000000000  0.0000000000 -0.0000000000  0.0000000000 -0.0000000000  0.0000000000 -0.0000000000  0.0000000000
  0.0000000000 -0.0000000000  0.0000000000 -0.0000000000 -0.0000000000 -0.0000000000  0.0000000000 -0.0000000000
 -1.5626888688  1.2127880589 -1.5626888688  2.9061324697 -1.9561415260  1.4361328780 -1.9561415260  2.9061324697
 -1.9561415260  1.4361328780 -1.9561415260  2.9061324697 -1.5626888688  1.2127880589 -1.5626888688  2.9061324697
 -1.5626888688  2.9061324697 -1.9561415260  1.4361328780 -1.9561415260  2.9061324697 -1.5626888688  1.2127880589
 -1.9561415260  2.9061324697 -1.5626888688  1.2127880589 -1.5626888688  2.9061324697 -1.9561415260  1.4361328780
  0.2619815343 -0.4484431486 -0.7781494783  3.1846878144 -3.7280137512  3.1846878144 -0.7781494783 -0.4484431486
 -0.7781494783 -0.4484431486  0.2619815343 -0.4484431486 -0.7781494783  3.1846878144 -3.7280137512  3.1846878144
 -0.7781494783  3.1846878144 -3.7280137512  3.1846878144 -0.7781494783 -0.4484431486  0.2619815343 -0.4484431486
 -3.7280137512  3.1846878144 -0.7781494783 -0.4484431486  0.2619815343 -0.4484431486 -0.7781494783  3.1846878144
 -1.5626888688  1.2127880589 -1.5626888688  2.9061324697 -1.9561415260  1.4361328780 -1.9561415260  2.9061324697
 -1.9561415260  1.4361328780 -1.9561415260  2.9061324697 -1.5626888688  1.2127880589 -1.5626888688  2.9061324697
 -0.7781494783 -0.4484431486  0.2619815343 -0.4484431486 -0.7781494783  3.1846878144 -3.7280137512  3.1846878144
 -3.7280137512  3.1846878144 -0.7781494783 -0.4484431486  0.2619815343 -0.4484431486 -0.7781494783  3.1846878144
  0.0000000000 -0.0000000000  0.0000000000 -0.0000000000 -0.0000000000 -0.0000000000  0.0000000000 -0.0000000000
  0.0000000000  0.0000000000 -0.0000000000  0.0000000000 -0.0000000000  0.0000000000 -0.0000000000  0.0000000000
 -1.9561415260  2.9061324697 -1.5626888688  1.2127880589 -1.5626888688  2.9061324697 -1.9561415260  1.4361328780
 -0.0000000000  0.0000000000 -0.0000000000  0.0000000000 -0.0000000000  0.0000000000 -0.0000000000  0.0000000000
 -1.5626888688  2.9061324697 -1.9561415260  1.4361328780 -1.9561415260  2.9061324697 -1.5626888688  1.2127880589
 -1.9561415260  2.9061324697 -1.5626888688  1.2127880589 -1.5626888688  2.9061324697 -1.9561415260  1.4361328780
  0.2619815343 -0.4484431486 -0.7781494783  3.1846878144 -3.7280137512  3.1846878144 -0.7781494783 -0.4484431486
 -0.7781494783 -0.4484431486  0.2619815343 -0.4484431486 -0.7781494783  3.1846878144 -3.7280137512  3.1846878144
 -0.7781494783  3.1846878144 -3.7280137512  3.1846878144 -0.7781494783 -0.4484431486  0.2619815343 -0.4484431486
 -3.7280137512  3.1846878144 -0.7781494783 -0.4484431486  0.2619815343 -0.4484431486 -0.7781494783  3.1846878144
 -1.5626888688  1.2127880589 -1.5626888688  2.9061324697 -1.9561415260  1.4361328780 -1.9561415260  2.9061324697
 -1.9561415260  1.4361328780 -1.9561415260  2.9061324697 -1.5626888688  1.2127880589 -1.5626888688  2.9061324697
 -1.5626888688  2.9061324697 -1.9561415260  1.4361328780 -1.9561415260  2.9061324697 -1.5626888688  1.2127880589
 -1.9561415260  2.9061324697 -1.5626888688  1.2127880589 -1.5626888688  2.9061324697 -1.9561415260  1.4361328780
  0.2619815343 -0.4484431486 -0.7781494783  3.1846878144 -3.7280137512  3.1846878144 -0.7781494783 -0.4484431486
 -0.7781494783 -0.4484431486  0.2619815343 -0.4484431486 -0.7781494783  3.1846878144 -3.7280137512  3.1846878144
 -0.7781494783  3.1846878144 -3.7280137512  3.1846878144 -0.7781494783 -0.4484431486  0.2619815343 -0.4484431486
 -3.7280137512  3.1846878144 -0.7781494783 -0.4484431486  0.2619815343 -0.4484431486 -0.7781494783  3.1846878144
 -1.5626888688  1.2127880589 -1.5626888688  2.9061324697 -1.9561415260  1.4361328780 -1.9561415260  2.9061324697
 -1.9561415260  1.4361328780 -1.9561415260  2.9061324697 -1.5626888688  1.2127880589 -1.5626888688  2.9061324697
 -1.5626888688  2.9061324697 -1.9561415260  1.4361328780 -1.9561415260  2.9061324697 -1.5626888688  1.2127880589
 -1.9561415260  2.9061324697 -1.5626888688  1.2127880589 -1.5626888688  2.9061324697 -1.9561415260  1.4361328780
  0.2619815343 -0.4484431486 -0.7781494783  3.1846878144 -3.7280137512  3.1846878144 -0.7781494783 -0.4484431486
 -0.7781494783 -0.4484431486  0.2619815343 -0.4484431486 -0.7781494783  3.1846878144 -3.7280137512  3.1846878144
 -0.7781494783  3.1846878144 -3.7280137512  3.1846878144 -0.7781494783 -0.4484431486  0.2619815343 -0.4484431486
 -3.7280137512  3.1846878144 -0.7781494783 -0.4484431486  0.2619815343 -0.4484431486 -0.7781494783  3.1846878144
 -1.5626888688  1.2127880589 -1.5626888688  2.9061324697 -1.9561415260  1.4361328780 -1.9561415260  2.9061324697
 -1.9561415260  1.4361328780 -1.9561415260  2.9061324697 -1.5626888688  1.2127880589 -1.5626888688  2.9061324697
 -1.5626888688  2.9061324697 -1.9561415260  1.4361328780 -1.9561415260  2.9061324697 -1.5626888688  1.2127880589
 -1.9561415260  2.9061324697 -1.5626888688  1.2127880589 -1.5626888688  2.9061324697 -1.9561415260  1.4361328780
  0.2619815343 -0.4484431486 -0.7781494783  3.1846878144 -3.7280137512  3.1846878144 -0.7781494783 -0.4484431486
 -0.7781494783 -0.4484431486  0.2619815343 -0.4484431486 -0.7781494783  3.1846878144 -3.7280137512  3.1846878144
 -0.7781494783  3.1846878144 -3.7280137512  3.1846878144 -0.7781494783 -0.4484431486  0.2619815343 -0.4484431486
 -3.7280137512  3.1846878144 -0.7781494783 -0.4484431486  0.2619815343 -0.4484431486 -0.7781494783  3.1846878144
 -1.5626888688  1.2127880589 -1.5626888688  2.9061324697 -1.9561415260  1.4361328780 -1.9561415260  2.9061324697
 -1.9561415260  1.4361328780 -1.9561415260  2.9061324697 -1.5626888688  1.2127880589 -1.5626888688  2.9061324697
 -1.5626888688  2.9061324697 -1.9561415260  1.4361328780 -1.9561415260  2.9061324697 -1.5626888688  1.2127880589
 -1.9561415260  2.9061324697 -1.5626888688  1.2127880589 -1.5626888688  2.9061324697 -1.9561415260  1.4361328780
  0.2619815343 -0.4484431486 -0.7781494783  3.1846878144 -3.7280137512  3.1846878144 -0.7781494783 -0.4484431486
 -0.7781494783 -0.4484431486  0.2619815343 -0.4484431486 -0.7781494783  3.1846878144 -3.7280137512  3.1846878144
 -0.7781494783  3.1846878144 -3.7280137512  3.1846878144 -0.7781494783 -0.4484431486  0.2619815343 -0.4484431486
 -3.7280137512  3.1846878144 -0.7781494783 -0.4484431486  0.2619815343 -0.4484431486 -0.7781494783  3.1846878144
 -1.5626888688  1.2127880589 -1.5626888688  2.9061324697 -1.9561415260  1.4361328780 -1.9561415260  2.9061324697
 -1.9561415260  1.4361328780 -1.9561415260  2.9061324697 -1.5626888688  1.2127880589 -1.5626888688  2.9061324697
 -1.5626888688  2.9061324697 -1.9561415260  1.4361328780 -1.9561415260  2.9061324697 -1.5626888688  1.2127880589
 -1.9561415260  2.9061324697 -1.5626888688  1.2127880589 -1.5626888688  2.9061324697 -1.9561415260  1.4361328780
  0.2619815343 -0.4484431486 -0.7781494783  3.1846878144 -3.7280137512  3.1846878144 -0.7781494783 -0.4484431486
 -0.7781494783 -0.4484431486  0.2619815343 -0.4484431486 -0.7781494783  3.1846878144 -3.7280137512  3.1846878144
 -0.7781494783  3.1846878144 -3.7280137512  3.1846878144 -0.7781494783 -0.4484431486  0.2619815343 -0.4484431486
 -3.7280137512  3.1846878144 -0.7781494783 -0.4484431486  0.2619815343 -0.4484431486 -0.7781494783  3.1846878144
 -1.5626888688  1.2127880589 -1.5626888688  2.9061324697 -1.9561415260  1.4361328780 -1.9561415260  2.9061324697
 -1.9561415260  1.4361328780 -1.9561415260  2.9061324697 -1.5626888688  1.2127880589 -1.5626888688  2.9061324697
 -1.5626888688  2.9061324697 -1.9561415260  1.4361328780 -1.9561415260  2.9061324697 -1.5626888688  1.2127880589
 -0.0000000000  0.0000000000 -0.0000000000  0.0000000000 -0.0000000000  0.0000000000 -0.0000000000  0.0000000000
  0.2619815343 -0.4484431486 -0.7781494783  3.1846878144 -3.7280137512  3.1846878144 -0.7781494783 -0.4484431486
 -0.7781494783  3.1846878144 -3.7280137512  3.1846878144 -0.7781494783 -0.4484431486  0.2619815343 -0.4484431486
  0.0000000000  0.0000000000 -0.0000000000  0.0000000000 -0.0000000000  0.0000000000 -0.0000000000  0.0000000000
  0.0000000000 -0.0000000000  0.0000000000 -0.0000000000 -0.0000000000 -0.0000000000  0.0000000000 -0.0000000000
 -1.5626888688  1.2127880589 -1.5626888688  2.9061324697 -1.9561415260  1.4361328780 -1.9561415260  2.9061324697
 -1.9561415260  1.4361328780 -1.9561415260  2.9061324697 -1.5626888688  1.2127880589 -1.5626888688  2.9061324697
 -1.5626888688  2.9061324697 -1.9561415260  1.4361328780 -1.9561415260  2.9061324697 -1.5626888688  1.2127880589
 -1.9561415260  2.9061324697 -1.5626888688  1.2127880589 -1.5626888688  2.9061324697 -1.9561415260  1.4361328780
  0.2619815343 -0.4484431486 -0.7781494783  3.1846878144 -3.7280137512  3.1846878144 -0.7781494783 -0.4484431486
 -0.7781494783 -0.4484431486  0.2619815343 -0.4484431486 -0.7781494783  3.1846878144 -3.7280137512  3.1846878144
  0.0000000000 -0.0000000000  0.0000000000 -0.0000000000 -0.0000000000 -0.0000000000  0.0000000000 -0.0000000000
  0.0000000000  0.0000000000 -0.0000000000  0.0000000000 -0.0000000000  0.0000000000 -0.0000000000  0.0000000000
 -1.5626888688  1.2127880589 -1.5626888688  2.9061324697 -1.9561415260  1.4361328780 -1.9561415260  2.9061324697
 -0.0000000000  0.0000000000 -0.0000000000  0.0000000000 -0.0000000000  0.0000000000 -0.0000000000  0.0000000000
 -0.7781494783 -0.4484431486  0.2619815343 -0.4484431486 -0.7781494783  3.1846878144 -3.7280137512  3.1846878144
  0.0000000000 -0.0000000000  0.0000000000 -0.0000000000 -0.0000000000 -0.0000000000  0.0000000000 -0.0000000000
  0.0000000000  0.0000000000 -0.0000000000  0.0000000000 -0.0000000000  0.0000000000 -0.0000000000  0.0000000000
 -1.9561415260  2.9061324697 -1.5626888688  1.2127880589 -1.5626888688  2.9061324697 -1.9561415260  1.4361328780
 -0.0000000000  0.0000000000 -0.0000000000  0.0000000000 -0.0000000000  0.0000000000 -0.0000000000  0.0000000000
 -1.5626888688  2.9061324697 -1.9561415260  1.4361328780 -1.9561415260  2.9061324697 -1.5626888688  1.2127880589
 -1.9561415260  2.9061324697 -1.5626888688  1.2127880589 -1.5626888688  2.9061324697 -1.9561415260  1.4361328780
  0.2619815343 -0.4484431486 -0.7781494783  3.1846878144 -3.7280137512  3.1846878144 -0.7781494783 -0.4484431486
 -0.7781494783 -0.4484431486  0.2619815343 -0.4484431486 -0.7781494783  3.1846878144 -3.7280137512  3.1846878144
  0.0000000000 -0.0000000000  0.0000000000 -0.0000000000 -0.0000000000 -0.0000000000  0.0000000000 -0.0000000000
  0.0000000000  0.0000000000 -0.0000000000  0.0000000000 -0.0000000000  0.0000000000 -0.0000000000  0.0000000000
 -1.5626888688  1.2127880589 -1.5626888688  2.9061324697 -1.9561415260  1.4361328780 -1.9561415260  2.9061324697
 -0.0000000000  0.0000000000 -0.0000000000  0.0000000000 -0.0000000000  0.0000000000 -0.0000000000  0.0000000000
 -1.5626888688  2.9061324697 -1.9561415260  1.4361328780 -1.9561415260  2.9061324697 -1.5626888688  1.2127880589
 -1.9561415260  2.9061324697 -1.5626888688  1.2127880589 -1.5626888688  2.9061324697 -1.9561415260  1.4361328780
  0.2619815343 -0.4484431486 -0.7781494783  3.1846878144 -3.7280137512  3.1846878144 -0.7781494783 -0.4484431486
 -0.7781494783 -0.4484431486  0.2619815343 -0.4484431486 -0.7781494783  3.1846878144 -3.7280137512  3.1846878144
  0.0000000000 -0.0000000000  0.0000000000 -0.0000000000 -0.0000000000 -0.0000000000  0.0000000000 -0.0000000000
  0.0000000000  0.0000000000 -0.0000000000  0.0000000000 -0.0000000000  0.0000000000 -0.0000000000  0.0000000000
 -1.5626888688  1.2127880589 -1.5626888688  2.9061324697 -1.9561415260  1.4361328780 -1.9561415260  2.9061324697
 -0.0000000000  0.0000000000 -0.0000000000  0.0000000000 -0.0000000000  0.0000000000 -0.0000000000  0.0000000000
 -1.5626888688  2.9061324697 -1.9561415260  1.4361328780 -1.9561415260  2.9061324697 -1.5626888688  1.2127880589
 -1.9561415260  2.9061324697 -1.5626888688  1.2127880589 -1.5626888688  2.9061324697 -1.9561415260  1.4361328780
  0.2619815343 -0.4484431486 -0.7781494783  3.1846878144 -3.7280137512  3.1846878144 -0.7781494783 -0.4484431486
 -0.7781494783 -0.4484431486  0.2619815343 -0.4484431486 -0.7781494783  3.1846878144 -3.7280137512  3.1846878144
  0.0000000000 -0.0000000000  0.0000000000 -0.0000000000 -0.0000000000 -0.0000000000  0.0000000000 -0.0000000000
  0.0000000000  0.0000000000 -0.0000000000  0.0000000000 -0.0000000000  0.0000000000 -0.0000000000  0.0000000000
 -1.5626888688  1.2127880589 -1.5626888688  2.9061324697 -1.9561415260  1.4361328780 -1.9561415260  2.9061324697
 -0.0000000000  0.0000000000 -0.0000000000  0.0000000000 -0.0000000000  0.0000000000 -0.0000000000  0.0000000000
 -1.5626888688  2.9061324697 -1.9561415260  1.4361328780 -1.9561415260  2.9061324697 -1.5626888688  1.2127880589
 -1.9561415260  2.9061324697 -1.5626888688  1.2127880589 -1.5626888688  2.9061324697 -1.9561415260  1.4361328780
  0.2619815343 -0.4484431486 -0.7781494783  3.1846878144 -3.7280137512  3.1846878144 -0.7781494783 -0.4484431486
 -0.7781494783 -0.4484431486  0.2619815343 -0.4484431486 -0.7781494783  3.1846878144 -3.7280137512  3.1846878144
  0.0000000000 -0.0000000000  0.0000000000 -0.0000000000 -0.0000000000 -0.0000000000  0.0000000000 -0.0000000000
  0.0000000000  0.0000000000 -0.0000000000  0.0000000000 -0.0000000000  0.0000000000 -0.0000000000  0.0000000000
 -1.5626888688  1.2127880589 -1.5626888688  2.9061324697 -1.9561415260  1.4361328780 -1.9561415260  2.9061324697
 -0.0000000000  0.0000000000 -0.0000000000  0.0000000000 -0.0000000000  0.0000000000 -0.0000000000  0.0000000000
 -1.5626888688  2.9061324697 -1.9561415260  1.4361328780 -1.9561415260  2.9061324697 -1.5626888688  1.2127880589
 -1.9561415260  2.9061324697 -1.5626888688  1.2127880589 -1.5626888688  2.9061324697 -1.9561415260  1.4361328780
  0.2619815343 -0.4484431486 -0.7781494783  3.1846878144 -3.7280137512  3.1846878144 -0.7781494783 -0.4484431486
 -0.7781494783 -0.4484431486  0.2619815343 -0.4484431486 -0.7781494783  3.1846878144 -3.7280137512  3.1846878144
  0.0000000000 -0.0000000000  0.0000000000 -0.0000000000 -0.0000000000 -0.0000000000  0.0000000000 -0.0000000000
  0.0000000000  0.0000000000 -0.0000000000  0.0000000000 -0.0000000000  0.0000000000 -0.0000000000  0.0000000000
 -1.5626888688  1.2127880589 -1.5626888688  2.9061324697 -1.9561415260  1.4361328780 -1.9561415260  2.9061324697
 -0.0000000000  0.0000000000 -0.0000000000  0.0000000000 -0.0000000000  0.0000000000 -0.0000000000  0.0000000000
 -1.5626888688  2.9061324697 -1.9561415260  1.4361328780 -1.9561415260  2.9061324697 -1.5626888688  1.2127880589
 -1.9561415260  2.9061324697 -1.5626888688  1.2127880589 -1.5626888688  2.9061324697 -1.9561415260  1.4361328780
  0.2619815343 -0.4484431486 -0.7781494783  3.1846878144 -3.7280137512  3.1846878144 -0.7781494783 -0.4484431486
 -0.7781494783 -0.4484431486  0.2619815343 -0.4484431486 -0.7781494783  3.1846878144 -3.7280137512  3.1846878144
  0.0000000000 -0.0000000000  0.0000000000 -0.0000000000 -0.0000000000 -0.0000000000  0.0000000000 -0.0000000000
  0.0000000000  0.0000000000 -0.0000000000  0.0000000000 -0.0000000000  0.0000000000 -0.0000000000  0.0000000000
 -1.5626888688  1.2127880589 -1.5626888688  2.9061324697 -1.9561415260  1.4361328780 -1.9561415260  2.9061324697
 -0.0000000000  0.0000000000 -0.0000000000  0.0000000000 -0.0000000000  0.0000000000 -0.0000000000  0.0000000000
 -1.5626888688  2.9061324697 -1.9561415260  1.4361328780 -1.9561415260  2.9061324697 -1.5626888688  1.2127880589
 -0.0000000000  0.0000000000 -0.0000000000  0.0000000000 -0.0000000000  0.0000000000 -0.0000000000  0.0000000000
  0.2619815343 -0.4484431486 -0.7781494783  3.1846878144 -3.7280137512  3.1846878144 -0.7781494783 -0.4484431486
  0.0000000000  0.0000000000 -0.0000000000  0.0000000000 -0.0000000000  0.0000000000 -0.0000000000  0.0000000000
  0.0000000000 -0.0000000000  0.0000000000 -0.0000000000 -0.0000000000 -0.0000000000  0.0000000000 -0.0000000000
 -1.5626888688  1.2127880589 -1.5626888688  2.9061324697 -1.9561415260  1.4361328780 -1.9561415260  2.9061324697
 -0.0000000000  0.0000000000 -0.0000000000  0.0000000000 -0.0000000000  0.0000000000 -0.0000000000  0.0000000000
