  0.246544941744782     
  0.991790909853364     
  0.685701607006188     
   2.10300440050452     
   1.66729791983863     
   2.25604883155372     
  0.712318434607839     
  0.982816013925434     
  0.532963079113268     
  0.418143614510384     
   1.44834341235819     
   1.09226148974552     
   1.35395592155701     
  0.314623009588311     
  0.210828576084423     
  0.760241714740139     
  0.565717613503721     
  0.835419319085521     
  0.106209550429761     
 -1.919517873206752E-014
  7.776081259656241E-016
 -8.546682909047679E-016
  0.286383090317706     
 -0.106209550429768     
 -0.210828576084489     
 -0.760241714740118     
 -0.565717613503633     
 -0.286383090317711     
 -0.314623009588371     
 -0.418143614510221     
  -1.44834341235814     
  -1.09226148974525     
 -0.835419319085541     
 -0.532963079113531     
 -0.685701607006604     
  -2.10300440050445     
  -1.66729791983799     
  -1.35395592155707     
 -0.991790909853492     
 -0.246544941744829     
 -0.982816013925371     
 -0.712318434607899     
  -2.25604883155370     
   1.51676963611238     
   1.45345033952145     
   2.06240102223838     
  0.563900233365223     
  0.610173249480060     
  0.963022745185612     
  0.907353761069825     
   1.14535714227483     
  0.493769275903982     
  0.462306705378194     
  0.687009219999160     
 -8.440343705944008E-016
 -9.179413403881218E-016
  0.233387920307283     
 -0.493769275903934     
 -0.462306705378375     
 -0.233387920307299     
 -0.963022745185519     
 -0.907353761069525     
 -0.687009219999183     
  -1.51676963611239     
  -1.45345033952136     
  -1.14535714227495     
 -0.610173249480020     
 -0.563900233365096     
  -2.06240102223833     
   1.42201451105163     
   1.40676167456004     
   2.01896551145237     
  0.526891649391659     
  0.539253050499306     
  0.879313673333912     
  0.865863208594839     
   1.09936700974333     
  0.446200556093784     
  0.438467727787365     
  0.653170274051220     
 -4.199499096557120E-016
 -2.565671687017358E-015
  0.221088592415130     
 -0.446200556093780     
 -0.438467727787469     
 -0.221088592415126     
 -0.879313673333918     
 -0.865863208594712     
 -0.653170274051165     
  -1.42201451105155     
  -1.40676167455986     
  -1.09936700974335     
 -0.539253050499296     
 -0.526891649391716     
  -2.01896551145233     
   1.39859793537856     
   1.39684505840465     
   2.00953716123604     
  0.518510005452664     
  0.519929669698578     
  0.858538216579413     
  0.857093853602674     
   1.08966217036900     
  0.434190157897770     
  0.433384311744226     
  0.645986129857677     
  1.808645260706045E-016
 -3.375628933126322E-016
  0.218458057767115     
 -0.434190157897726     
 -0.433384311744391     
 -0.218458057767122     
 -0.858538216579495     
 -0.857093853602881     
 -0.645986129857653     
  -1.39859793537858     
  -1.39684505840473     
  -1.08966217036906     
 -0.519929669698598     
 -0.518510005452736     
  -2.00953716123607     
   1.39859793537853     
   1.40676167455967     
   2.01896551145239     
  0.526891649391656     
  0.519929669698576     
  0.858538216579412     
  0.865863208594542     
   1.09936700974334     
  0.434190157897698     
  0.438467727787445     
  0.653170274051185     
  6.254225233654007E-016
 -1.168345462168210E-015
  0.221088592415166     
 -0.434190157897766     
 -0.438467727787258     
 -0.221088592415114     
 -0.858538216579471     
 -0.865863208594834     
 -0.653170274051174     
  -1.39859793537854     
  -1.40676167455981     
  -1.09936700974345     
 -0.519929669698595     
 -0.526891649391691     
  -2.01896551145239     
   1.42201451105150     
   1.45345033952130     
   2.06240102223832     
  0.563900233365260     
  0.539253050499289     
  0.879313673333901     
  0.907353761069106     
   1.14535714227477     
  0.446200556093761     
  0.462306705378518     
  0.687009219999212     
 -6.015220284588506E-016
 -2.013832994320864E-015
  0.233387920307261     
 -0.446200556093746     
 -0.462306705378424     
 -0.233387920307259     
 -0.879313673334002     
 -0.907353761069777     
 -0.687009219999135     
  -1.42201451105153     
  -1.45345033952129     
  -1.14535714227484     
 -0.539253050499288     
 -0.563900233365216     
  -2.06240102223832     
   1.51676963611239     
   1.66729791983746     
   2.25604883155371     
  0.712318434607816     
  0.610173249480016     
  0.963022745185658     
   1.09226148974546     
   1.35395592155700     
  0.493769275903998     
  0.565717613503769     
  0.835419319085624     
 -6.226069051658137E-016
 -4.275073244768300E-016
  0.286383090317700     
 -0.493769275903988     
 -0.565717613503564     
 -0.286383090317674     
 -0.963022745185721     
  -1.09226148974506     
 -0.835419319085559     
  -1.51676963611242     
  -1.66729791983808     
  -1.35395592155709     
 -0.610173249480071     
 -0.712318434607905     
  -2.25604883155365     
   2.10300440050448     
  0.685701607005681     
  0.991790909853138     
  0.246544941744542     
  0.982816013925393     
   1.44834341235822     
  0.418143614509532     
  0.532963079113043     
  0.760241714740131     
  0.210828576084048     
  0.314623009587997     
 -1.149325237229106E-015
  1.955842326719491E-014
  0.106209550429649     
 -0.760241714740122     
 -0.210828576083831     
 -0.106209550429633     
  -1.44834341235822     
 -0.418143614509833     
 -0.314623009588071     
  -2.10300440050453     
 -0.685701607005577     
 -0.532963079112972     
 -0.982816013925432     
 -0.246544941744574     
 -0.991790909852997     
  0.251724495143393     
  0.183820411472011     
  0.153186288131538     
  0.105781977250365     
  0.130453777950081     
  0.262118655039414     
  0.205291361559232     
  0.198172396004780     
  0.264131574077341     
  0.210951951434777     
  0.208995983818194     
  0.264486379534115     
  0.212189224047748     
  0.211900790515554     
  0.264131574077341     
  0.210951951434776     
  0.211900790515554     
  0.262118655039414     
  0.205291361559232     
  0.208995983818193     
  0.251724495143393     
  0.183820411472011     
  0.198172396004780     
  0.130453777950080     
  0.105781977250365     
  0.153186288131538     
  0.135669325283127     
  9.994373377749538E-002
  8.481009316065390E-002
  6.554259783540474E-002
  8.434439345938369E-002
  0.157703912307456     
  0.118160619807159     
  0.110872247401461     
  0.165096023742164     
  0.125561781616299     
  0.122783235293426     
  0.166870282013744     
  0.127494908221031     
  0.127034194651149     
  0.165096023742163     
  0.125561781616299     
  0.127034194651149     
  0.157703912307455     
  0.118160619807159     
  0.122783235293426     
  0.135669325283126     
  9.994373377749541E-002
  0.110872247401461     
  8.434439345938381E-002
  6.554259783540481E-002
  8.481009316065385E-002
  7.121197907452180E-002
  4.633901586157577E-002
  4.050104760284200E-002
  3.336900664102005E-002
  4.874566426982839E-002
  8.467402578774193E-002
  5.525180106062515E-002
  5.130216840403365E-002
  9.103124947672842E-002
  6.012816936768121E-002
  5.816527775979068E-002
  9.282688052682900E-002
  6.161455553147301E-002
  6.125014206228312E-002
  9.103124947672862E-002
  6.012816936768112E-002
  6.125014206228314E-002
  8.467402578774190E-002
  5.525180106062501E-002
  5.816527775979069E-002
  7.121197907452173E-002
  4.633901586157554E-002
  5.130216840403378E-002
  4.874566426982840E-002
  3.336900664102026E-002
  4.050104760284207E-002
  2.304575470816998E-002
 -1.070098721745892E-003
 -7.832680014981573E-004
  4.404301780048732E-003
  1.883990879327121E-002
  2.806909273010039E-002
  1.128093111156320E-003
 -1.363058029407107E-004
  3.145026728685850E-002
  3.251042509310885E-003
  2.323143049926303E-003
  3.256954184222201E-002
  4.025553624245094E-003
  3.831121488062059E-003
  3.145026728685845E-002
  3.251042509310906E-003
  3.831121488062061E-003
  2.806909273010038E-002
  1.128093111156295E-003
  2.323143049926292E-003
  2.304575470817003E-002
 -1.070098721745857E-003
 -1.363058029407928E-004
  1.883990879327117E-002
  4.404301780048738E-003
 -7.832680014981201E-004
 -0.130453777950081     
 -0.105781977250365     
 -0.153186288131538     
 -0.183820411472011     
 -0.251724495143393     
 -0.198172396004780     
 -0.205291361559232     
 -0.262118655039414     
 -0.208995983818194     
 -0.210951951434776     
 -0.264131574077341     
 -0.211900790515554     
 -0.212189224047748     
 -0.264486379534115     
 -0.211900790515554     
 -0.210951951434776     
 -0.264131574077341     
 -0.208995983818194     
 -0.205291361559232     
 -0.262118655039414     
 -0.198172396004780     
 -0.183820411472011     
 -0.251724495143393     
 -0.153186288131538     
 -0.105781977250365     
 -0.130453777950081     
 -8.434439345938367E-002
 -6.554259783540475E-002
 -8.481009316065387E-002
 -9.994373377749531E-002
 -0.135669325283126     
 -0.110872247401461     
 -0.118160619807159     
 -0.157703912307456     
 -0.122783235293425     
 -0.125561781616299     
 -0.165096023742163     
 -0.127034194651149     
 -0.127494908221031     
 -0.166870282013744     
 -0.127034194651149     
 -0.125561781616299     
 -0.165096023742163     
 -0.122783235293426     
 -0.118160619807159     
 -0.157703912307455     
 -0.110872247401461     
 -9.994373377749531E-002
 -0.135669325283126     
 -8.481009316065381E-002
 -6.554259783540470E-002
 -8.434439345938377E-002
 -4.874566426982827E-002
 -3.336900664102016E-002
 -4.050104760284180E-002
 -4.633901586157581E-002
 -7.121197907452181E-002
 -5.130216840403364E-002
 -5.525180106062514E-002
 -8.467402578774204E-002
 -5.816527775979081E-002
 -6.012816936768114E-002
 -9.103124947672891E-002
 -6.125014206228319E-002
 -6.161455553147297E-002
 -9.282688052682943E-002
 -6.125014206228319E-002
 -6.012816936768109E-002
 -9.103124947672893E-002
 -5.816527775979072E-002
 -5.525180106062501E-002
 -8.467402578774198E-002
 -5.130216840403369E-002
 -4.633901586157566E-002
 -7.121197907452179E-002
 -4.050104760284198E-002
 -3.336900664102019E-002
 -4.874566426982830E-002
 -1.883990879327120E-002
 -4.404301780048745E-003
  7.832680014982007E-004
  1.070098721745869E-003
 -2.304575470817002E-002
  1.363058029407755E-004
 -1.128093111156308E-003
 -2.806909273010045E-002
 -2.323143049926091E-003
 -3.251042509310803E-003
 -3.145026728685854E-002
 -3.831121488061694E-003
 -4.025553624244984E-003
 -3.256954184222208E-002
 -3.831121488061761E-003
 -3.251042509310840E-003
 -3.145026728685853E-002
 -2.323143049926172E-003
 -1.128093111156416E-003
 -2.806909273010039E-002
  1.363058029407280E-004
  1.070098721745873E-003
 -2.304575470816989E-002
  7.832680014980831E-004
 -4.404301780048754E-003
 -1.883990879327120E-002
  0.220280927685324     
  0.155932640339235     
  0.140486688381362     
  0.172664346614656     
  0.131048505554140     
  0.149748042948279     
  9.340613821711886E-002
  7.235232168646646E-002
  0.104360054979304     
  1.696776399939814E-017
  1.149254302834635E-017
  3.699237069910244E-002
 -9.340613821711884E-002
 -7.235232168646639E-002
 -3.699237069910249E-002
 -0.172664346614656     
 -0.131048505554140     
 -0.104360054979304     
 -0.220280927685324     
 -0.155932640339235     
 -0.149748042948279     
 -0.140486688381362     
  0.111626781611794     
  7.983906606611378E-002
  7.518636674508004E-002
  9.703396747981426E-002
  6.975397721353362E-002
  7.792089091968592E-002
  5.454859536472265E-002
  3.967937198921642E-002
  5.655288844083726E-002
 -1.382357769919018E-017
  7.860465750519907E-018
  2.042455412188952E-002
 -5.454859536472247E-002
 -3.967937198921635E-002
 -2.042455412188957E-002
 -9.703396747981423E-002
 -6.975397721353352E-002
 -5.655288844083718E-002
 -0.111626781611795     
 -7.983906606611375E-002
 -7.792089091968590E-002
 -7.518636674508007E-002
  5.500577995072145E-002
  3.395167718806719E-002
  3.418251047068428E-002
  4.752860129490436E-002
  2.864925407318399E-002
  3.221265528363376E-002
  2.718371245696317E-002
  1.641400738617072E-002
  2.328561401881991E-002
 -7.047314121155779E-019
  5.963111948670274E-018
  8.479596753952214E-003
 -2.718371245696311E-002
 -1.641400738617071E-002
 -8.479596753952186E-003
 -4.752860129490431E-002
 -2.864925407318391E-002
 -2.328561401881980E-002
 -5.500577995072146E-002
 -3.395167718806713E-002
 -3.221265528363387E-002
 -3.418251047068447E-002
  1.446829556512304E-002
 -5.297784795311161E-003
 -3.319946492134614E-003
  1.163370451290449E-002
 -4.736644506648395E-003
 -5.441537874224350E-003
  6.728477645776031E-003
 -2.456122240318148E-003
 -3.660543732553116E-003
  3.306816626080789E-018
 -4.011548038196366E-018
 -1.225865507401156E-003
 -6.728477645776035E-003
  2.456122240318163E-003
  1.225865507401167E-003
 -1.163370451290444E-002
  4.736644506648475E-003
  3.660543732553135E-003
 -1.446829556512304E-002
  5.297784795311110E-003
  5.441537874224318E-003
  3.319946492134677E-003
  0.220280927685324     
  0.155932640339235     
  0.140486688381362     
  0.172664346614656     
  0.131048505554140     
  0.149748042948279     
  9.340613821711900E-002
  7.235232168646645E-002
  0.104360054979304     
  2.125036258071589E-017
  1.127570259384925E-017
  3.699237069910236E-002
 -9.340613821711891E-002
 -7.235232168646646E-002
 -3.699237069910240E-002
 -0.172664346614656     
 -0.131048505554140     
 -0.104360054979304     
 -0.220280927685324     
 -0.155932640339235     
 -0.149748042948279     
 -0.140486688381362     
  0.111626781611795     
  7.983906606611371E-002
  7.518636674508011E-002
  9.703396747981416E-002
  6.975397721353351E-002
  7.792089091968582E-002
  5.454859536472255E-002
  3.967937198921648E-002
  5.655288844083730E-002
  4.445228907190568E-018
  6.071532165918825E-018
  2.042455412188952E-002
 -5.454859536472240E-002
 -3.967937198921644E-002
 -2.042455412188953E-002
 -9.703396747981415E-002
 -6.975397721353359E-002
 -5.655288844083708E-002
 -0.111626781611795     
 -7.983906606611364E-002
 -7.792089091968581E-002
 -7.518636674508011E-002
  5.500577995072143E-002
  3.395167718806723E-002
  3.418251047068436E-002
  4.752860129490440E-002
  2.864925407318397E-002
  3.221265528363380E-002
  2.718371245696312E-002
  1.641400738617073E-002
  2.328561401881978E-002
  1.528725063204561E-017
  6.288372600415926E-018
  8.479596753952240E-003
 -2.718371245696310E-002
 -1.641400738617074E-002
 -8.479596753952179E-003
 -4.752860129490450E-002
 -2.864925407318390E-002
 -2.328561401881983E-002
 -5.500577995072152E-002
 -3.395167718806719E-002
 -3.221265528363385E-002
 -3.418251047068457E-002
  1.446829556512304E-002
 -5.297784795311163E-003
 -3.319946492134621E-003
  1.163370451290448E-002
 -4.736644506648433E-003
 -5.441537874224339E-003
  6.728477645776079E-003
 -2.456122240318166E-003
 -3.660543732553176E-003
 -6.722053469410127E-018
  1.192622389734055E-017
 -1.225865507401168E-003
 -6.728477645776067E-003
  2.456122240318130E-003
  1.225865507401156E-003
 -1.163370451290453E-002
  4.736644506648544E-003
  3.660543732553186E-003
 -1.446829556512302E-002
  5.297784795311136E-003
  5.441537874224292E-003
  3.319946492134674E-003
 -1.598963432931199E-002
 -1.921540604216839E-002
 -1.703690663076782E-002
 -1.862293045844198E-002
 -1.612551396882609E-002
 -1.413372206637799E-002
 -1.262866526370387E-002
 -8.620588384570135E-003
 -7.534002138620873E-003
 -4.360559089037016E-003
  8.510987054011210E-018
 -2.547875105340935E-018
  4.360559089037081E-003
  8.620588384570173E-003
  7.534002138620922E-003
  1.262866526370384E-002
  1.612551396882613E-002
  1.413372206637799E-002
  1.862293045844199E-002
  1.921540604216842E-002
  1.703690663076779E-002
  1.598963432931192E-002
 -1.434432581888869E-002
 -1.801800280567155E-002
 -1.900436667387960E-002
 -1.771128519292456E-002
 -1.539924400358442E-002
 -1.611668816121346E-002
 -1.205824732306471E-002
 -8.218310733493588E-003
 -8.615914709569994E-003
 -4.150935370802902E-003
  1.149254302834635E-017
 -8.673617379884035E-018
  4.150935370802945E-003
  8.218310733493652E-003
  8.615914709570007E-003
  1.205824732306471E-002
  1.539924400358439E-002
  1.611668816121347E-002
  1.771128519292457E-002
  1.801800280567150E-002
  1.900436667387962E-002
  1.434432581888885E-002
 -1.224773404177985E-002
 -1.602554967292079E-002
 -1.692099871566908E-002
 -1.589414887130731E-002
 -1.382795361021346E-002
 -1.454352453859468E-002
 -1.080257942177968E-002
 -7.341014218089966E-003
 -7.741411604368858E-003
 -3.699513125716769E-003
  1.626303258728257E-017
 -2.032879073410321E-017
  3.699513125716817E-003
  7.341014218090003E-003
  7.741411604368839E-003
  1.080257942177972E-002
  1.382795361021342E-002
  1.454352453859468E-002
  1.589414887130764E-002
  1.602554967292077E-002
  1.692099871566907E-002
  1.224773404177991E-002
 -1.146116547928700E-002
 -1.526034739202595E-002
 -1.545236442022112E-002
 -1.518520870474410E-002
 -1.320967785956531E-002
 -1.336539674658716E-002
 -1.030670887194796E-002
 -6.994212423133340E-003
 -7.081668264701906E-003
 -3.521055828412513E-003
 -3.686287386450715E-018
 -2.146720301521299E-017
  3.521055828412522E-003
  6.994212423133385E-003
  7.081668264701867E-003
  1.030670887194800E-002
  1.320967785956527E-002
  1.336539674658718E-002
  1.518520870474440E-002
  1.526034739202597E-002
  1.545236442022112E-002
  1.146116547928696E-002
 -1.224773404177990E-002
 -1.602554967292086E-002
 -1.545236442022110E-002
 -1.589414887130729E-002
 -1.382795361021350E-002
 -1.336539674658712E-002
 -1.080257942177965E-002
 -7.341014218089984E-003
 -7.081668264701917E-003
 -3.699513125716745E-003
 -2.710505431213761E-018
 -1.235990476633475E-017
  3.699513125716770E-003
  7.341014218090030E-003
  7.081668264701862E-003
  1.080257942177973E-002
  1.382795361021350E-002
  1.336539674658713E-002
  1.589414887130756E-002
  1.602554967292088E-002
  1.545236442022116E-002
  1.224773404177995E-002
 -1.434432581888873E-002
 -1.801800280567153E-002
 -1.692099871566901E-002
 -1.771128519292450E-002
 -1.539924400358445E-002
 -1.454352453859466E-002
 -1.205824732306474E-002
 -8.218310733493552E-003
 -7.741411604368861E-003
 -4.150935370802919E-003
  1.301042606982605E-017
 -1.355252715606881E-017
  4.150935370802974E-003
  8.218310733493626E-003
  7.741411604368826E-003
  1.205824732306476E-002
  1.539924400358444E-002
  1.454352453859465E-002
  1.771128519292463E-002
  1.801800280567158E-002
  1.692099871566904E-002
  1.434432581888882E-002
 -1.598963432931196E-002
 -1.921540604216840E-002
 -1.900436667387964E-002
 -1.862293045844192E-002
 -1.612551396882623E-002
 -1.611668816121344E-002
 -1.262866526370388E-002
 -8.620588384570227E-003
 -8.615914709569975E-003
 -4.360559089037023E-003
  6.396792817664476E-018
 -7.264154555652880E-018
  4.360559089037061E-003
  8.620588384570194E-003
  8.615914709569999E-003
  1.262866526370391E-002
  1.612551396882625E-002
  1.611668816121345E-002
  1.862293045844200E-002
  1.921540604216836E-002
  1.900436667387954E-002
  1.598963432931196E-002
 -1.703690663076778E-002
 -1.413372206637799E-002
 -7.534002138620899E-003
 -2.385244779468110E-018
  7.534002138620936E-003
  1.413372206637797E-002
  1.703690663076776E-002
