           1           1           1
          65           1           1
         129           1           1
           1           2           2
         129           2           2
           1           3           3
           2           1           3
         129           3           3
         130           1           3
           1           4           4
           2           8           4
           1           5           5
           2           7           5
           9           3           5
          10           1           5
           1           6           6
           9           2           6
           1           7           7
           9           1           7
          65           3           7
          66           1           7
           1           8           8
          65           2           8
           2           2           9
         130           2           9
           2           3          10
           3           1          10
         130           3          10
         131           1          10
           2           4          11
           3           8          11
           2           5          12
           3           7          12
          10           3          12
          11           1          12
           2           6          13
          10           2          13
           3           2          14
         131           2          14
           3           3          15
           4           1          15
         131           3          15
         132           1          15
           3           4          16
           4           8          16
           3           5          17
           4           7          17
          11           3          17
          12           1          17
           3           6          18
          11           2          18
           4           2          19
         132           2          19
           4           3          20
           5           1          20
         132           3          20
         133           1          20
           4           4          21
           5           8          21
           4           5          22
           5           7          22
          12           3          22
          13           1          22
           4           6          23
          12           2          23
           5           2          24
         133           2          24
           5           3          25
           6           1          25
         133           3          25
         134           1          25
           5           4          26
           6           8          26
           5           5          27
           6           7          27
          13           3          27
          14           1          27
           5           6          28
          13           2          28
           6           2          29
         134           2          29
           6           3          30
           7           1          30
         134           3          30
         135           1          30
           6           4          31
           7           8          31
           6           5          32
           7           7          32
          14           3          32
          15           1          32
           6           6          33
          14           2          33
           7           2          34
         135           2          34
           7           3          35
           8           1          35
         135           3          35
         136           1          35
           7           4          36
           8           8          36
           7           5          37
           8           7          37
          15           3          37
          16           1          37
           7           6          38
          15           2          38
           8           2          39
         136           2          39
           8           3          40
          97           3          40
         136           3          40
           8           4          41
          97           2          41
           8           5          42
          16           3          42
          97           1          42
          98           3          42
           8           6          43
          16           2          43
           9           4          44
          10           8          44
           9           5          45
          10           7          45
          17           3          45
          18           1          45
           9           6          46
          17           2          46
           9           7          47
          17           1          47
          66           3          47
          67           1          47
           9           8          48
          66           2          48
          10           4          49
          11           8          49
          10           5          50
          11           7          50
          18           3          50
          19           1          50
          10           6          51
          18           2          51
          11           4          52
          12           8          52
          11           5          53
          12           7          53
          19           3          53
          20           1          53
          11           6          54
          19           2          54
          12           4          55
          13           8          55
          12           5          56
          13           7          56
          20           3          56
          21           1          56
          12           6          57
          20           2          57
          13           4          58
          14           8          58
          13           5          59
          14           7          59
          21           3          59
          22           1          59
          13           6          60
          21           2          60
          14           4          61
          15           8          61
          14           5          62
          15           7          62
          22           3          62
          23           1          62
          14           6          63
          22           2          63
          15           4          64
          16           8          64
          15           5          65
          16           7          65
          23           3          65
          24           1          65
          15           6          66
          23           2          66
          16           4          67
          98           2          67
          16           5          68
          24           3          68
          98           1          68
          99           3          68
          16           6          69
          24           2          69
          17           4          70
          18           8          70
          17           5          71
          18           7          71
          25           3          71
          26           1          71
          17           6          72
          25           2          72
          17           7          73
          25           1          73
          67           3          73
          68           1          73
          17           8          74
          67           2          74
          18           4          75
          19           8          75
          18           5          76
          19           7          76
          26           3          76
          27           1          76
          18           6          77
          26           2          77
          19           4          78
          20           8          78
          19           5          79
          20           7          79
          27           3          79
          28           1          79
          19           6          80
          27           2          80
          20           4          81
          21           8          81
          20           5          82
          21           7          82
          28           3          82
          29           1          82
          20           6          83
          28           2          83
          21           4          84
          22           8          84
          21           5          85
          22           7          85
          29           3          85
          30           1          85
          21           6          86
          29           2          86
          22           4          87
          23           8          87
          22           5          88
          23           7          88
          30           3          88
          31           1          88
          22           6          89
          30           2          89
          23           4          90
          24           8          90
          23           5          91
          24           7          91
          31           3          91
          32           1          91
          23           6          92
          31           2          92
          24           4          93
          99           2          93
          24           5          94
          32           3          94
          99           1          94
         100           3          94
          24           6          95
          32           2          95
          25           4          96
          26           8          96
          25           5          97
          26           7          97
          33           3          97
          34           1          97
          25           6          98
          33           2          98
          25           7          99
          33           1          99
          68           3          99
          69           1          99
          25           8         100
          68           2         100
          26           4         101
          27           8         101
          26           5         102
          27           7         102
          34           3         102
          35           1         102
          26           6         103
          34           2         103
          27           4         104
          28           8         104
          27           5         105
          28           7         105
          35           3         105
          36           1         105
          27           6         106
          35           2         106
          28           4         107
          29           8         107
          28           5         108
          29           7         108
          36           3         108
          37           1         108
          28           6         109
          36           2         109
          29           4         110
          30           8         110
          29           5         111
          30           7         111
          37           3         111
          38           1         111
          29           6         112
          37           2         112
          30           4         113
          31           8         113
          30           5         114
          31           7         114
          38           3         114
          39           1         114
          30           6         115
          38           2         115
          31           4         116
          32           8         116
          31           5         117
          32           7         117
          39           3         117
          40           1         117
          31           6         118
          39           2         118
          32           4         119
         100           2         119
          32           5         120
          40           3         120
         100           1         120
         101           3         120
          32           6         121
          40           2         121
          33           4         122
          34           8         122
          33           5         123
          34           7         123
          41           3         123
          42           1         123
          33           6         124
          41           2         124
          33           7         125
          41           1         125
          69           3         125
          70           1         125
          33           8         126
          69           2         126
          34           4         127
          35           8         127
          34           5         128
          35           7         128
          42           3         128
          43           1         128
          34           6         129
          42           2         129
          35           4         130
          36           8         130
          35           5         131
          36           7         131
          43           3         131
          44           1         131
          35           6         132
          43           2         132
          36           4         133
          37           8         133
          36           5         134
          37           7         134
          44           3         134
          45           1         134
          36           6         135
          44           2         135
          37           4         136
          38           8         136
          37           5         137
          38           7         137
          45           3         137
          46           1         137
          37           6         138
          45           2         138
          38           4         139
          39           8         139
          38           5         140
          39           7         140
          46           3         140
          47           1         140
          38           6         141
          46           2         141
          39           4         142
          40           8         142
          39           5         143
          40           7         143
          47           3         143
          48           1         143
          39           6         144
          47           2         144
          40           4         145
         101           2         145
          40           5         146
          48           3         146
         101           1         146
         102           3         146
          40           6         147
          48           2         147
          41           4         148
          42           8         148
          41           5         149
          42           7         149
          49           3         149
          50           1         149
          41           6         150
          49           2         150
          41           7         151
          49           1         151
          70           3         151
          71           1         151
          41           8         152
          70           2         152
          42           4         153
          43           8         153
          42           5         154
          43           7         154
          50           3         154
          51           1         154
          42           6         155
          50           2         155
          43           4         156
          44           8         156
          43           5         157
          44           7         157
          51           3         157
          52           1         157
          43           6         158
          51           2         158
          44           4         159
          45           8         159
          44           5         160
          45           7         160
          52           3         160
          53           1         160
          44           6         161
          52           2         161
          45           4         162
          46           8         162
          45           5         163
          46           7         163
          53           3         163
          54           1         163
          45           6         164
          53           2         164
          46           4         165
          47           8         165
          46           5         166
          47           7         166
          54           3         166
          55           1         166
          46           6         167
          54           2         167
          47           4         168
          48           8         168
          47           5         169
          48           7         169
          55           3         169
          56           1         169
          47           6         170
          55           2         170
          48           4         171
         102           2         171
          48           5         172
          56           3         172
         102           1         172
         103           3         172
          48           6         173
          56           2         173
          49           4         174
          50           8         174
          49           5         175
          50           7         175
          57           3         175
          58           1         175
          49           6         176
          57           2         176
          49           7         177
          57           1         177
          71           3         177
          72           1         177
          49           8         178
          71           2         178
          50           4         179
          51           8         179
          50           5         180
          51           7         180
          58           3         180
          59           1         180
          50           6         181
          58           2         181
          51           4         182
          52           8         182
          51           5         183
          52           7         183
          59           3         183
          60           1         183
          51           6         184
          59           2         184
          52           4         185
          53           8         185
          52           5         186
          53           7         186
          60           3         186
          61           1         186
          52           6         187
          60           2         187
          53           4         188
          54           8         188
          53           5         189
          54           7         189
          61           3         189
          62           1         189
          53           6         190
          61           2         190
          54           4         191
          55           8         191
          54           5         192
          55           7         192
          62           3         192
          63           1         192
          54           6         193
          62           2         193
          55           4         194
          56           8         194
          55           5         195
          56           7         195
          63           3         195
          64           1         195
          55           6         196
          63           2         196
          56           4         197
         103           2         197
          56           5         198
          64           3         198
         103           1         198
         104           3         198
          56           6         199
          64           2         199
          57           4         200
          58           8         200
          57           5         201
          58           7         201
         161           3         201
         162           1         201
          57           6         202
         161           2         202
          57           7         203
          72           3         203
         161           1         203
          57           8         204
          72           2         204
          58           4         205
          59           8         205
          58           5         206
          59           7         206
         162           3         206
         163           1         206
          58           6         207
         162           2         207
          59           4         208
          60           8         208
          59           5         209
          60           7         209
         163           3         209
         164           1         209
          59           6         210
         163           2         210
          60           4         211
          61           8         211
          60           5         212
          61           7         212
         164           3         212
         165           1         212
          60           6         213
         164           2         213
          61           4         214
          62           8         214
          61           5         215
          62           7         215
         165           3         215
         166           1         215
          61           6         216
         165           2         216
          62           4         217
          63           8         217
          62           5         218
          63           7         218
         166           3         218
         167           1         218
          62           6         219
         166           2         219
          63           4         220
          64           8         220
          63           5         221
          64           7         221
         167           3         221
         168           1         221
          63           6         222
         167           2         222
          64           4         223
         104           2         223
          64           5         224
         104           1         224
         168           3         224
          64           6         225
         168           2         225
