   =========== Before RLUDCMP ==============
   IP=           1
     INODE          BMATA
    1      1.000000      1.000000      0.000000      0.246545
    2      0.875000      1.000000      0.000000      0.991791
    3      0.750000      1.000000      0.000000      0.685702
    4      0.750000      0.875000      0.000000      2.103004
    5      0.750000      0.750000      0.000000      1.667298
    6      0.875000      0.750000      0.000000      2.256049
    7      1.000000      0.750000      0.000000      0.712318
    8      1.000000      0.875000      0.000000      0.982816
    9      0.625000      1.000000      0.000000      0.532963
   10      0.500000      1.000000      0.000000      0.418144
   11      0.500000      0.875000      0.000000      1.448343
   12      0.500000      0.750000      0.000000      1.092261
   13      0.625000      0.750000      0.000000      1.353956
   14      0.375000      1.000000      0.000000      0.314623
   15      0.250000      1.000000      0.000000      0.210829
   16      0.250000      0.875000      0.000000      0.760242
   17      0.250000      0.750000      0.000000      0.565718
   18      0.375000      0.750000      0.000000      0.835419
   19      0.125000      1.000000      0.000000      0.106210
   20      0.000000      1.000000      0.000000     -0.000000
   21      0.000000      0.875000      0.000000      0.000000
   22      0.000000      0.750000      0.000000     -0.000000
   23      0.125000      0.750000      0.000000      0.286383
   24     -0.125000      1.000000      0.000000     -0.106210
   25     -0.250000      1.000000      0.000000     -0.210829
   26     -0.250000      0.875000      0.000000     -0.760242
   27     -0.250000      0.750000      0.000000     -0.565718
   28     -0.125000      0.750000      0.000000     -0.286383
   29     -0.375000      1.000000      0.000000     -0.314623
   30     -0.500000      1.000000      0.000000     -0.418144
   31     -0.500000      0.875000      0.000000     -1.448343
   32     -0.500000      0.750000      0.000000     -1.092261
   33     -0.375000      0.750000      0.000000     -0.835419
   34     -0.625000      1.000000      0.000000     -0.532963
   35     -0.750000      1.000000      0.000000     -0.685702
   36     -0.750000      0.875000      0.000000     -2.103004
   37     -0.750000      0.750000      0.000000     -1.667298
   38     -0.625000      0.750000      0.000000     -1.353956
   39     -0.875000      1.000000      0.000000     -0.991791
   40     -1.000000      1.000000      0.000000     -0.246545
   41     -1.000000      0.875000      0.000000     -0.982816
   42     -1.000000      0.750000      0.000000     -0.712318
   43     -0.875000      0.750000      0.000000     -2.256049
   44      0.750000      0.625000      0.000000      1.516770
   45      0.750000      0.500000      0.000000      1.453450
   46      0.875000      0.500000      0.000000      2.062401
   47      1.000000      0.500000      0.000000      0.563900
   48      1.000000      0.625000      0.000000      0.610173
   49      0.500000      0.625000      0.000000      0.963023
   50      0.500000      0.500000      0.000000      0.907354
   51      0.625000      0.500000      0.000000      1.145357
   52      0.250000      0.625000      0.000000      0.493769
   53      0.250000      0.500000      0.000000      0.462307
   54      0.375000      0.500000      0.000000      0.687009
   55      0.000000      0.625000      0.000000     -0.000000
   56      0.000000      0.500000      0.000000     -0.000000
   57      0.125000      0.500000      0.000000      0.233388
   58     -0.250000      0.625000      0.000000     -0.493769
   59     -0.250000      0.500000      0.000000     -0.462307
   60     -0.125000      0.500000      0.000000     -0.233388
   61     -0.500000      0.625000      0.000000     -0.963023
   62     -0.500000      0.500000      0.000000     -0.907354
   63     -0.375000      0.500000      0.000000     -0.687009
   64     -0.750000      0.625000      0.000000     -1.516770
   65     -0.750000      0.500000      0.000000     -1.453450
   66     -0.625000      0.500000      0.000000     -1.145357
   67     -1.000000      0.625000      0.000000     -0.610173
   68     -1.000000      0.500000      0.000000     -0.563900
   69     -0.875000      0.500000      0.000000     -2.062401
   70      0.750000      0.375000      0.000000      1.422015
   71      0.750000      0.250000      0.000000      1.406762
   72      0.875000      0.250000      0.000000      2.018966
   73      1.000000      0.250000      0.000000      0.526892
   74      1.000000      0.375000      0.000000      0.539253
   75      0.500000      0.375000      0.000000      0.879314
   76      0.500000      0.250000      0.000000      0.865863
   77      0.625000      0.250000      0.000000      1.099367
   78      0.250000      0.375000      0.000000      0.446201
   79      0.250000      0.250000      0.000000      0.438468
   80      0.375000      0.250000      0.000000      0.653170
   81      0.000000      0.375000      0.000000     -0.000000
   82      0.000000      0.250000      0.000000     -0.000000
   83      0.125000      0.250000      0.000000      0.221089
   84     -0.250000      0.375000      0.000000     -0.446201
   85     -0.250000      0.250000      0.000000     -0.438468
   86     -0.125000      0.250000      0.000000     -0.221089
   87     -0.500000      0.375000      0.000000     -0.879314
   88     -0.500000      0.250000      0.000000     -0.865863
   89     -0.375000      0.250000      0.000000     -0.653170
   90     -0.750000      0.375000      0.000000     -1.422015
   91     -0.750000      0.250000      0.000000     -1.406762
   92     -0.625000      0.250000      0.000000     -1.099367
   93     -1.000000      0.375000      0.000000     -0.539253
   94     -1.000000      0.250000      0.000000     -0.526892
   95     -0.875000      0.250000      0.000000     -2.018966
   96      0.750000      0.125000      0.000000      1.398598
   97      0.750000      0.000000      0.000000      1.396845
   98      0.875000      0.000000      0.000000      2.009537
   99      1.000000      0.000000      0.000000      0.518510
  100      1.000000      0.125000      0.000000      0.519930
  101      0.500000      0.125000      0.000000      0.858538
  102      0.500000      0.000000      0.000000      0.857094
  103      0.625000      0.000000      0.000000      1.089662
  104      0.250000      0.125000      0.000000      0.434190
  105      0.250000      0.000000      0.000000      0.433384
  106      0.375000      0.000000      0.000000      0.645986
  107      0.000000      0.125000      0.000000      0.000000
  108      0.000000      0.000000      0.000000     -0.000000
  109      0.125000      0.000000      0.000000      0.218458
  110     -0.250000      0.125000      0.000000     -0.434190
  111     -0.250000      0.000000      0.000000     -0.433384
  112     -0.125000      0.000000      0.000000     -0.218458
  113     -0.500000      0.125000      0.000000     -0.858538
  114     -0.500000      0.000000      0.000000     -0.857094
  115     -0.375000      0.000000      0.000000     -0.645986
  116     -0.750000      0.125000      0.000000     -1.398598
  117     -0.750000      0.000000      0.000000     -1.396845
  118     -0.625000      0.000000      0.000000     -1.089662
  119     -1.000000      0.125000      0.000000     -0.519930
  120     -1.000000      0.000000      0.000000     -0.518510
  121     -0.875000      0.000000      0.000000     -2.009537
  122      0.750000     -0.125000      0.000000      1.398598
  123      0.750000     -0.250000      0.000000      1.406762
  124      0.875000     -0.250000      0.000000      2.018966
  125      1.000000     -0.250000      0.000000      0.526892
  126      1.000000     -0.125000      0.000000      0.519930
  127      0.500000     -0.125000      0.000000      0.858538
  128      0.500000     -0.250000      0.000000      0.865863
  129      0.625000     -0.250000      0.000000      1.099367
  130      0.250000     -0.125000      0.000000      0.434190
  131      0.250000     -0.250000      0.000000      0.438468
  132      0.375000     -0.250000      0.000000      0.653170
  133      0.000000     -0.125000      0.000000      0.000000
  134      0.000000     -0.250000      0.000000     -0.000000
  135      0.125000     -0.250000      0.000000      0.221089
  136     -0.250000     -0.125000      0.000000     -0.434190
  137     -0.250000     -0.250000      0.000000     -0.438468
  138     -0.125000     -0.250000      0.000000     -0.221089
  139     -0.500000     -0.125000      0.000000     -0.858538
  140     -0.500000     -0.250000      0.000000     -0.865863
  141     -0.375000     -0.250000      0.000000     -0.653170
  142     -0.750000     -0.125000      0.000000     -1.398598
  143     -0.750000     -0.250000      0.000000     -1.406762
  144     -0.625000     -0.250000      0.000000     -1.099367
  145     -1.000000     -0.125000      0.000000     -0.519930
  146     -1.000000     -0.250000      0.000000     -0.526892
  147     -0.875000     -0.250000      0.000000     -2.018966
  148      0.750000     -0.375000      0.000000      1.422015
  149      0.750000     -0.500000      0.000000      1.453450
  150      0.875000     -0.500000      0.000000      2.062401
  151      1.000000     -0.500000      0.000000      0.563900
  152      1.000000     -0.375000      0.000000      0.539253
  153      0.500000     -0.375000      0.000000      0.879314
  154      0.500000     -0.500000      0.000000      0.907354
  155      0.625000     -0.500000      0.000000      1.145357
  156      0.250000     -0.375000      0.000000      0.446201
  157      0.250000     -0.500000      0.000000      0.462307
  158      0.375000     -0.500000      0.000000      0.687009
  159      0.000000     -0.375000      0.000000     -0.000000
  160      0.000000     -0.500000      0.000000     -0.000000
  161      0.125000     -0.500000      0.000000      0.233388
  162     -0.250000     -0.375000      0.000000     -0.446201
  163     -0.250000     -0.500000      0.000000     -0.462307
  164     -0.125000     -0.500000      0.000000     -0.233388
  165     -0.500000     -0.375000      0.000000     -0.879314
  166     -0.500000     -0.500000      0.000000     -0.907354
  167     -0.375000     -0.500000      0.000000     -0.687009
  168     -0.750000     -0.375000      0.000000     -1.422015
  169     -0.750000     -0.500000      0.000000     -1.453450
  170     -0.625000     -0.500000      0.000000     -1.145357
  171     -1.000000     -0.375000      0.000000     -0.539253
  172     -1.000000     -0.500000      0.000000     -0.563900
  173     -0.875000     -0.500000      0.000000     -2.062401
  174      0.750000     -0.625000      0.000000      1.516770
  175      0.750000     -0.750000      0.000000      1.667298
  176      0.875000     -0.750000      0.000000      2.256049
  177      1.000000     -0.750000      0.000000      0.712318
  178      1.000000     -0.625000      0.000000      0.610173
  179      0.500000     -0.625000      0.000000      0.963023
  180      0.500000     -0.750000      0.000000      1.092261
  181      0.625000     -0.750000      0.000000      1.353956
  182      0.250000     -0.625000      0.000000      0.493769
  183      0.250000     -0.750000      0.000000      0.565718
  184      0.375000     -0.750000      0.000000      0.835419
  185      0.000000     -0.625000      0.000000     -0.000000
  186      0.000000     -0.750000      0.000000     -0.000000
  187      0.125000     -0.750000      0.000000      0.286383
  188     -0.250000     -0.625000      0.000000     -0.493769
  189     -0.250000     -0.750000      0.000000     -0.565718
  190     -0.125000     -0.750000      0.000000     -0.286383
  191     -0.500000     -0.625000      0.000000     -0.963023
  192     -0.500000     -0.750000      0.000000     -1.092261
  193     -0.375000     -0.750000      0.000000     -0.835419
  194     -0.750000     -0.625000      0.000000     -1.516770
  195     -0.750000     -0.750000      0.000000     -1.667298
  196     -0.625000     -0.750000      0.000000     -1.353956
  197     -1.000000     -0.625000      0.000000     -0.610173
  198     -1.000000     -0.750000      0.000000     -0.712318
  199     -0.875000     -0.750000      0.000000     -2.256049
  200      0.750000     -0.875000      0.000000      2.103004
  201      0.750000     -1.000000      0.000000      0.685702
  202      0.875000     -1.000000      0.000000      0.991791
  203      1.000000     -1.000000      0.000000      0.246545
  204      1.000000     -0.875000      0.000000      0.982816
  205      0.500000     -0.875000      0.000000      1.448343
  206      0.500000     -1.000000      0.000000      0.418144
  207      0.625000     -1.000000      0.000000      0.532963
  208      0.250000     -0.875000      0.000000      0.760242
  209      0.250000     -1.000000      0.000000      0.210829
  210      0.375000     -1.000000      0.000000      0.314623
  211      0.000000     -0.875000      0.000000     -0.000000
  212      0.000000     -1.000000      0.000000      0.000000
  213      0.125000     -1.000000      0.000000      0.106210
  214     -0.250000     -0.875000      0.000000     -0.760242
  215     -0.250000     -1.000000      0.000000     -0.210829
  216     -0.125000     -1.000000      0.000000     -0.106210
  217     -0.500000     -0.875000      0.000000     -1.448343
  218     -0.500000     -1.000000      0.000000     -0.418144
  219     -0.375000     -1.000000      0.000000     -0.314623
  220     -0.750000     -0.875000      0.000000     -2.103004
  221     -0.750000     -1.000000      0.000000     -0.685702
  222     -0.625000     -1.000000      0.000000     -0.532963
  223     -1.000000     -0.875000      0.000000     -0.982816
  224     -1.000000     -1.000000      0.000000     -0.246545
  225     -0.875000     -1.000000      0.000000     -0.991791
  226      1.000000      0.750000     -0.125000      0.251724
  227      1.000000      0.750000     -0.250000      0.183820
  228      1.000000      0.875000     -0.250000      0.153186
  229      1.000000      1.000000     -0.250000      0.105782
  230      1.000000      1.000000     -0.125000      0.130454
  231      1.000000      0.500000     -0.125000      0.262119
  232      1.000000      0.500000     -0.250000      0.205291
  233      1.000000      0.625000     -0.250000      0.198172
  234      1.000000      0.250000     -0.125000      0.264132
  235      1.000000      0.250000     -0.250000      0.210952
  236      1.000000      0.375000     -0.250000      0.208996
  237      1.000000      0.000000     -0.125000      0.264486
  238      1.000000      0.000000     -0.250000      0.212189
  239      1.000000      0.125000     -0.250000      0.211901
  240      1.000000     -0.250000     -0.125000      0.264132
  241      1.000000     -0.250000     -0.250000      0.210952
  242      1.000000     -0.125000     -0.250000      0.211901
  243      1.000000     -0.500000     -0.125000      0.262119
  244      1.000000     -0.500000     -0.250000      0.205291
  245      1.000000     -0.375000     -0.250000      0.208996
  246      1.000000     -0.750000     -0.125000      0.251724
  247      1.000000     -0.750000     -0.250000      0.183820
  248      1.000000     -0.625000     -0.250000      0.198172
  249      1.000000     -1.000000     -0.125000      0.130454
  250      1.000000     -1.000000     -0.250000      0.105782
  251      1.000000     -0.875000     -0.250000      0.153186
  252      1.000000      0.750000     -0.375000      0.135669
  253      1.000000      0.750000     -0.500000      0.099944
  254      1.000000      0.875000     -0.500000      0.084810
  255      1.000000      1.000000     -0.500000      0.065543
  256      1.000000      1.000000     -0.375000      0.084344
  257      1.000000      0.500000     -0.375000      0.157704
  258      1.000000      0.500000     -0.500000      0.118161
  259      1.000000      0.625000     -0.500000      0.110872
  260      1.000000      0.250000     -0.375000      0.165096
  261      1.000000      0.250000     -0.500000      0.125562
  262      1.000000      0.375000     -0.500000      0.122783
  263      1.000000      0.000000     -0.375000      0.166870
  264      1.000000      0.000000     -0.500000      0.127495
  265      1.000000      0.125000     -0.500000      0.127034
  266      1.000000     -0.250000     -0.375000      0.165096
  267      1.000000     -0.250000     -0.500000      0.125562
  268      1.000000     -0.125000     -0.500000      0.127034
  269      1.000000     -0.500000     -0.375000      0.157704
  270      1.000000     -0.500000     -0.500000      0.118161
  271      1.000000     -0.375000     -0.500000      0.122783
  272      1.000000     -0.750000     -0.375000      0.135669
  273      1.000000     -0.750000     -0.500000      0.099944
  274      1.000000     -0.625000     -0.500000      0.110872
  275      1.000000     -1.000000     -0.375000      0.084344
  276      1.000000     -1.000000     -0.500000      0.065543
  277      1.000000     -0.875000     -0.500000      0.084810
  278      1.000000      0.750000     -0.625000      0.071212
  279      1.000000      0.750000     -0.750000      0.046339
  280      1.000000      0.875000     -0.750000      0.040501
  281      1.000000      1.000000     -0.750000      0.033369
  282      1.000000      1.000000     -0.625000      0.048746
  283      1.000000      0.500000     -0.625000      0.084674
  284      1.000000      0.500000     -0.750000      0.055252
  285      1.000000      0.625000     -0.750000      0.051302
  286      1.000000      0.250000     -0.625000      0.091031
  287      1.000000      0.250000     -0.750000      0.060128
  288      1.000000      0.375000     -0.750000      0.058165
  289      1.000000      0.000000     -0.625000      0.092827
  290      1.000000      0.000000     -0.750000      0.061615
  291      1.000000      0.125000     -0.750000      0.061250
  292      1.000000     -0.250000     -0.625000      0.091031
  293      1.000000     -0.250000     -0.750000      0.060128
  294      1.000000     -0.125000     -0.750000      0.061250
  295      1.000000     -0.500000     -0.625000      0.084674
  296      1.000000     -0.500000     -0.750000      0.055252
  297      1.000000     -0.375000     -0.750000      0.058165
  298      1.000000     -0.750000     -0.625000      0.071212
  299      1.000000     -0.750000     -0.750000      0.046339
  300      1.000000     -0.625000     -0.750000      0.051302
  301      1.000000     -1.000000     -0.625000      0.048746
  302      1.000000     -1.000000     -0.750000      0.033369
  303      1.000000     -0.875000     -0.750000      0.040501
  304      1.000000      0.750000     -0.875000      0.023046
  305      1.000000      0.750000     -1.000000     -0.001070
  306      1.000000      0.875000     -1.000000     -0.000783
  307      1.000000      1.000000     -1.000000      0.004404
  308      1.000000      1.000000     -0.875000      0.018840
  309      1.000000      0.500000     -0.875000      0.028069
  310      1.000000      0.500000     -1.000000      0.001128
  311      1.000000      0.625000     -1.000000     -0.000136
  312      1.000000      0.250000     -0.875000      0.031450
  313      1.000000      0.250000     -1.000000      0.003251
  314      1.000000      0.375000     -1.000000      0.002323
  315      1.000000      0.000000     -0.875000      0.032570
  316      1.000000      0.000000     -1.000000      0.004026
  317      1.000000      0.125000     -1.000000      0.003831
  318      1.000000     -0.250000     -0.875000      0.031450
  319      1.000000     -0.250000     -1.000000      0.003251
  320      1.000000     -0.125000     -1.000000      0.003831
  321      1.000000     -0.500000     -0.875000      0.028069
  322      1.000000     -0.500000     -1.000000      0.001128
  323      1.000000     -0.375000     -1.000000      0.002323
  324      1.000000     -0.750000     -0.875000      0.023046
  325      1.000000     -0.750000     -1.000000     -0.001070
  326      1.000000     -0.625000     -1.000000     -0.000136
  327      1.000000     -1.000000     -0.875000      0.018840
  328      1.000000     -1.000000     -1.000000      0.004404
  329      1.000000     -0.875000     -1.000000     -0.000783
  330     -1.000000      1.000000     -0.125000     -0.130454
  331     -1.000000      1.000000     -0.250000     -0.105782
  332     -1.000000      0.875000     -0.250000     -0.153186
  333     -1.000000      0.750000     -0.250000     -0.183820
  334     -1.000000      0.750000     -0.125000     -0.251724
  335     -1.000000      0.625000     -0.250000     -0.198172
  336     -1.000000      0.500000     -0.250000     -0.205291
  337     -1.000000      0.500000     -0.125000     -0.262119
  338     -1.000000      0.375000     -0.250000     -0.208996
  339     -1.000000      0.250000     -0.250000     -0.210952
  340     -1.000000      0.250000     -0.125000     -0.264132
  341     -1.000000      0.125000     -0.250000     -0.211901
  342     -1.000000      0.000000     -0.250000     -0.212189
  343     -1.000000      0.000000     -0.125000     -0.264486
  344     -1.000000     -0.125000     -0.250000     -0.211901
  345     -1.000000     -0.250000     -0.250000     -0.210952
  346     -1.000000     -0.250000     -0.125000     -0.264132
  347     -1.000000     -0.375000     -0.250000     -0.208996
  348     -1.000000     -0.500000     -0.250000     -0.205291
  349     -1.000000     -0.500000     -0.125000     -0.262119
  350     -1.000000     -0.625000     -0.250000     -0.198172
  351     -1.000000     -0.750000     -0.250000     -0.183820
  352     -1.000000     -0.750000     -0.125000     -0.251724
  353     -1.000000     -0.875000     -0.250000     -0.153186
  354     -1.000000     -1.000000     -0.250000     -0.105782
  355     -1.000000     -1.000000     -0.125000     -0.130454
  356     -1.000000      1.000000     -0.375000     -0.084344
  357     -1.000000      1.000000     -0.500000     -0.065543
  358     -1.000000      0.875000     -0.500000     -0.084810
  359     -1.000000      0.750000     -0.500000     -0.099944
  360     -1.000000      0.750000     -0.375000     -0.135669
  361     -1.000000      0.625000     -0.500000     -0.110872
  362     -1.000000      0.500000     -0.500000     -0.118161
  363     -1.000000      0.500000     -0.375000     -0.157704
  364     -1.000000      0.375000     -0.500000     -0.122783
  365     -1.000000      0.250000     -0.500000     -0.125562
  366     -1.000000      0.250000     -0.375000     -0.165096
  367     -1.000000      0.125000     -0.500000     -0.127034
  368     -1.000000      0.000000     -0.500000     -0.127495
  369     -1.000000      0.000000     -0.375000     -0.166870
  370     -1.000000     -0.125000     -0.500000     -0.127034
  371     -1.000000     -0.250000     -0.500000     -0.125562
  372     -1.000000     -0.250000     -0.375000     -0.165096
  373     -1.000000     -0.375000     -0.500000     -0.122783
  374     -1.000000     -0.500000     -0.500000     -0.118161
  375     -1.000000     -0.500000     -0.375000     -0.157704
  376     -1.000000     -0.625000     -0.500000     -0.110872
  377     -1.000000     -0.750000     -0.500000     -0.099944
  378     -1.000000     -0.750000     -0.375000     -0.135669
  379     -1.000000     -0.875000     -0.500000     -0.084810
  380     -1.000000     -1.000000     -0.500000     -0.065543
  381     -1.000000     -1.000000     -0.375000     -0.084344
  382     -1.000000      1.000000     -0.625000     -0.048746
  383     -1.000000      1.000000     -0.750000     -0.033369
  384     -1.000000      0.875000     -0.750000     -0.040501
  385     -1.000000      0.750000     -0.750000     -0.046339
  386     -1.000000      0.750000     -0.625000     -0.071212
  387     -1.000000      0.625000     -0.750000     -0.051302
  388     -1.000000      0.500000     -0.750000     -0.055252
  389     -1.000000      0.500000     -0.625000     -0.084674
  390     -1.000000      0.375000     -0.750000     -0.058165
  391     -1.000000      0.250000     -0.750000     -0.060128
  392     -1.000000      0.250000     -0.625000     -0.091031
  393     -1.000000      0.125000     -0.750000     -0.061250
  394     -1.000000      0.000000     -0.750000     -0.061615
  395     -1.000000      0.000000     -0.625000     -0.092827
  396     -1.000000     -0.125000     -0.750000     -0.061250
  397     -1.000000     -0.250000     -0.750000     -0.060128
  398     -1.000000     -0.250000     -0.625000     -0.091031
  399     -1.000000     -0.375000     -0.750000     -0.058165
  400     -1.000000     -0.500000     -0.750000     -0.055252
  401     -1.000000     -0.500000     -0.625000     -0.084674
  402     -1.000000     -0.625000     -0.750000     -0.051302
  403     -1.000000     -0.750000     -0.750000     -0.046339
  404     -1.000000     -0.750000     -0.625000     -0.071212
  405     -1.000000     -0.875000     -0.750000     -0.040501
  406     -1.000000     -1.000000     -0.750000     -0.033369
  407     -1.000000     -1.000000     -0.625000     -0.048746
  408     -1.000000      1.000000     -0.875000     -0.018840
  409     -1.000000      1.000000     -1.000000     -0.004404
  410     -1.000000      0.875000     -1.000000      0.000783
  411     -1.000000      0.750000     -1.000000      0.001070
  412     -1.000000      0.750000     -0.875000     -0.023046
  413     -1.000000      0.625000     -1.000000      0.000136
  414     -1.000000      0.500000     -1.000000     -0.001128
  415     -1.000000      0.500000     -0.875000     -0.028069
  416     -1.000000      0.375000     -1.000000     -0.002323
  417     -1.000000      0.250000     -1.000000     -0.003251
  418     -1.000000      0.250000     -0.875000     -0.031450
  419     -1.000000      0.125000     -1.000000     -0.003831
  420     -1.000000      0.000000     -1.000000     -0.004026
  421     -1.000000      0.000000     -0.875000     -0.032570
  422     -1.000000     -0.125000     -1.000000     -0.003831
  423     -1.000000     -0.250000     -1.000000     -0.003251
  424     -1.000000     -0.250000     -0.875000     -0.031450
  425     -1.000000     -0.375000     -1.000000     -0.002323
  426     -1.000000     -0.500000     -1.000000     -0.001128
  427     -1.000000     -0.500000     -0.875000     -0.028069
  428     -1.000000     -0.625000     -1.000000      0.000136
  429     -1.000000     -0.750000     -1.000000      0.001070
  430     -1.000000     -0.750000     -0.875000     -0.023046
  431     -1.000000     -0.875000     -1.000000      0.000783
  432     -1.000000     -1.000000     -1.000000     -0.004404
  433     -1.000000     -1.000000     -0.875000     -0.018840
  434      0.750000      1.000000     -0.125000      0.220281
  435      0.750000      1.000000     -0.250000      0.155933
  436      0.875000      1.000000     -0.250000      0.140487
  437      0.500000      1.000000     -0.125000      0.172664
  438      0.500000      1.000000     -0.250000      0.131049
  439      0.625000      1.000000     -0.250000      0.149748
  440      0.250000      1.000000     -0.125000      0.093406
  441      0.250000      1.000000     -0.250000      0.072352
  442      0.375000      1.000000     -0.250000      0.104360
  443      0.000000      1.000000     -0.125000      0.000000
  444      0.000000      1.000000     -0.250000      0.000000
  445      0.125000      1.000000     -0.250000      0.036992
  446     -0.250000      1.000000     -0.125000     -0.093406
  447     -0.250000      1.000000     -0.250000     -0.072352
  448     -0.125000      1.000000     -0.250000     -0.036992
  449     -0.500000      1.000000     -0.125000     -0.172664
  450     -0.500000      1.000000     -0.250000     -0.131049
  451     -0.375000      1.000000     -0.250000     -0.104360
  452     -0.750000      1.000000     -0.125000     -0.220281
  453     -0.750000      1.000000     -0.250000     -0.155933
  454     -0.625000      1.000000     -0.250000     -0.149748
  455     -0.875000      1.000000     -0.250000     -0.140487
  456      0.750000      1.000000     -0.375000      0.111627
  457      0.750000      1.000000     -0.500000      0.079839
  458      0.875000      1.000000     -0.500000      0.075186
  459      0.500000      1.000000     -0.375000      0.097034
  460      0.500000      1.000000     -0.500000      0.069754
  461      0.625000      1.000000     -0.500000      0.077921
  462      0.250000      1.000000     -0.375000      0.054549
  463      0.250000      1.000000     -0.500000      0.039679
  464      0.375000      1.000000     -0.500000      0.056553
  465      0.000000      1.000000     -0.375000     -0.000000
  466      0.000000      1.000000     -0.500000      0.000000
  467      0.125000      1.000000     -0.500000      0.020425
  468     -0.250000      1.000000     -0.375000     -0.054549
  469     -0.250000      1.000000     -0.500000     -0.039679
  470     -0.125000      1.000000     -0.500000     -0.020425
  471     -0.500000      1.000000     -0.375000     -0.097034
  472     -0.500000      1.000000     -0.500000     -0.069754
  473     -0.375000      1.000000     -0.500000     -0.056553
  474     -0.750000      1.000000     -0.375000     -0.111627
  475     -0.750000      1.000000     -0.500000     -0.079839
  476     -0.625000      1.000000     -0.500000     -0.077921
  477     -0.875000      1.000000     -0.500000     -0.075186
  478      0.750000      1.000000     -0.625000      0.055006
  479      0.750000      1.000000     -0.750000      0.033952
  480      0.875000      1.000000     -0.750000      0.034183
  481      0.500000      1.000000     -0.625000      0.047529
  482      0.500000      1.000000     -0.750000      0.028649
  483      0.625000      1.000000     -0.750000      0.032213
  484      0.250000      1.000000     -0.625000      0.027184
  485      0.250000      1.000000     -0.750000      0.016414
  486      0.375000      1.000000     -0.750000      0.023286
  487      0.000000      1.000000     -0.625000     -0.000000
  488      0.000000      1.000000     -0.750000      0.000000
  489      0.125000      1.000000     -0.750000      0.008480
  490     -0.250000      1.000000     -0.625000     -0.027184
  491     -0.250000      1.000000     -0.750000     -0.016414
  492     -0.125000      1.000000     -0.750000     -0.008480
  493     -0.500000      1.000000     -0.625000     -0.047529
  494     -0.500000      1.000000     -0.750000     -0.028649
  495     -0.375000      1.000000     -0.750000     -0.023286
  496     -0.750000      1.000000     -0.625000     -0.055006
  497     -0.750000      1.000000     -0.750000     -0.033952
  498     -0.625000      1.000000     -0.750000     -0.032213
  499     -0.875000      1.000000     -0.750000     -0.034183
  500      0.750000      1.000000     -0.875000      0.014468
  501      0.750000      1.000000     -1.000000     -0.005298
  502      0.875000      1.000000     -1.000000     -0.003320
  503      0.500000      1.000000     -0.875000      0.011634
  504      0.500000      1.000000     -1.000000     -0.004737
  505      0.625000      1.000000     -1.000000     -0.005442
  506      0.250000      1.000000     -0.875000      0.006728
  507      0.250000      1.000000     -1.000000     -0.002456
  508      0.375000      1.000000     -1.000000     -0.003661
  509      0.000000      1.000000     -0.875000      0.000000
  510      0.000000      1.000000     -1.000000     -0.000000
  511      0.125000      1.000000     -1.000000     -0.001226
  512     -0.250000      1.000000     -0.875000     -0.006728
  513     -0.250000      1.000000     -1.000000      0.002456
  514     -0.125000      1.000000     -1.000000      0.001226
  515     -0.500000      1.000000     -0.875000     -0.011634
  516     -0.500000      1.000000     -1.000000      0.004737
  517     -0.375000      1.000000     -1.000000      0.003661
  518     -0.750000      1.000000     -0.875000     -0.014468
  519     -0.750000      1.000000     -1.000000      0.005298
  520     -0.625000      1.000000     -1.000000      0.005442
  521     -0.875000      1.000000     -1.000000      0.003320
  522      0.750000     -1.000000     -0.125000      0.220281
  523      0.750000     -1.000000     -0.250000      0.155933
  524      0.875000     -1.000000     -0.250000      0.140487
  525      0.500000     -1.000000     -0.125000      0.172664
  526      0.500000     -1.000000     -0.250000      0.131049
  527      0.625000     -1.000000     -0.250000      0.149748
  528      0.250000     -1.000000     -0.125000      0.093406
  529      0.250000     -1.000000     -0.250000      0.072352
  530      0.375000     -1.000000     -0.250000      0.104360
  531      0.000000     -1.000000     -0.125000      0.000000
  532      0.000000     -1.000000     -0.250000      0.000000
  533      0.125000     -1.000000     -0.250000      0.036992
  534     -0.250000     -1.000000     -0.125000     -0.093406
  535     -0.250000     -1.000000     -0.250000     -0.072352
  536     -0.125000     -1.000000     -0.250000     -0.036992
  537     -0.500000     -1.000000     -0.125000     -0.172664
  538     -0.500000     -1.000000     -0.250000     -0.131049
  539     -0.375000     -1.000000     -0.250000     -0.104360
  540     -0.750000     -1.000000     -0.125000     -0.220281
  541     -0.750000     -1.000000     -0.250000     -0.155933
  542     -0.625000     -1.000000     -0.250000     -0.149748
  543     -0.875000     -1.000000     -0.250000     -0.140487
  544      0.750000     -1.000000     -0.375000      0.111627
  545      0.750000     -1.000000     -0.500000      0.079839
  546      0.875000     -1.000000     -0.500000      0.075186
  547      0.500000     -1.000000     -0.375000      0.097034
  548      0.500000     -1.000000     -0.500000      0.069754
  549      0.625000     -1.000000     -0.500000      0.077921
  550      0.250000     -1.000000     -0.375000      0.054549
  551      0.250000     -1.000000     -0.500000      0.039679
  552      0.375000     -1.000000     -0.500000      0.056553
  553      0.000000     -1.000000     -0.375000      0.000000
  554      0.000000     -1.000000     -0.500000      0.000000
  555      0.125000     -1.000000     -0.500000      0.020425
  556     -0.250000     -1.000000     -0.375000     -0.054549
  557     -0.250000     -1.000000     -0.500000     -0.039679
  558     -0.125000     -1.000000     -0.500000     -0.020425
  559     -0.500000     -1.000000     -0.375000     -0.097034
  560     -0.500000     -1.000000     -0.500000     -0.069754
  561     -0.375000     -1.000000     -0.500000     -0.056553
  562     -0.750000     -1.000000     -0.375000     -0.111627
  563     -0.750000     -1.000000     -0.500000     -0.079839
  564     -0.625000     -1.000000     -0.500000     -0.077921
  565     -0.875000     -1.000000     -0.500000     -0.075186
  566      0.750000     -1.000000     -0.625000      0.055006
  567      0.750000     -1.000000     -0.750000      0.033952
  568      0.875000     -1.000000     -0.750000      0.034183
  569      0.500000     -1.000000     -0.625000      0.047529
  570      0.500000     -1.000000     -0.750000      0.028649
  571      0.625000     -1.000000     -0.750000      0.032213
  572      0.250000     -1.000000     -0.625000      0.027184
  573      0.250000     -1.000000     -0.750000      0.016414
  574      0.375000     -1.000000     -0.750000      0.023286
  575      0.000000     -1.000000     -0.625000      0.000000
  576      0.000000     -1.000000     -0.750000      0.000000
  577      0.125000     -1.000000     -0.750000      0.008480
  578     -0.250000     -1.000000     -0.625000     -0.027184
  579     -0.250000     -1.000000     -0.750000     -0.016414
  580     -0.125000     -1.000000     -0.750000     -0.008480
  581     -0.500000     -1.000000     -0.625000     -0.047529
  582     -0.500000     -1.000000     -0.750000     -0.028649
  583     -0.375000     -1.000000     -0.750000     -0.023286
  584     -0.750000     -1.000000     -0.625000     -0.055006
  585     -0.750000     -1.000000     -0.750000     -0.033952
  586     -0.625000     -1.000000     -0.750000     -0.032213
  587     -0.875000     -1.000000     -0.750000     -0.034183
  588      0.750000     -1.000000     -0.875000      0.014468
  589      0.750000     -1.000000     -1.000000     -0.005298
  590      0.875000     -1.000000     -1.000000     -0.003320
  591      0.500000     -1.000000     -0.875000      0.011634
  592      0.500000     -1.000000     -1.000000     -0.004737
  593      0.625000     -1.000000     -1.000000     -0.005442
  594      0.250000     -1.000000     -0.875000      0.006728
  595      0.250000     -1.000000     -1.000000     -0.002456
  596      0.375000     -1.000000     -1.000000     -0.003661
  597      0.000000     -1.000000     -0.875000     -0.000000
  598      0.000000     -1.000000     -1.000000      0.000000
  599      0.125000     -1.000000     -1.000000     -0.001226
  600     -0.250000     -1.000000     -0.875000     -0.006728
  601     -0.250000     -1.000000     -1.000000      0.002456
  602     -0.125000     -1.000000     -1.000000      0.001226
  603     -0.500000     -1.000000     -0.875000     -0.011634
  604     -0.500000     -1.000000     -1.000000      0.004737
  605     -0.375000     -1.000000     -1.000000      0.003661
  606     -0.750000     -1.000000     -0.875000     -0.014468
  607     -0.750000     -1.000000     -1.000000      0.005298
  608     -0.625000     -1.000000     -1.000000      0.005442
  609     -0.875000     -1.000000     -1.000000      0.003320
  610      0.875000      0.750000     -1.000000     -0.015990
  611      0.750000      0.750000     -1.000000     -0.019215
  612      0.750000      0.875000     -1.000000     -0.017037
  613      0.625000      0.750000     -1.000000     -0.018623
  614      0.500000      0.750000     -1.000000     -0.016126
  615      0.500000      0.875000     -1.000000     -0.014134
  616      0.375000      0.750000     -1.000000     -0.012629
  617      0.250000      0.750000     -1.000000     -0.008621
  618      0.250000      0.875000     -1.000000     -0.007534
  619      0.125000      0.750000     -1.000000     -0.004361
  620      0.000000      0.750000     -1.000000      0.000000
  621      0.000000      0.875000     -1.000000     -0.000000
  622     -0.125000      0.750000     -1.000000      0.004361
  623     -0.250000      0.750000     -1.000000      0.008621
  624     -0.250000      0.875000     -1.000000      0.007534
  625     -0.375000      0.750000     -1.000000      0.012629
  626     -0.500000      0.750000     -1.000000      0.016126
  627     -0.500000      0.875000     -1.000000      0.014134
  628     -0.625000      0.750000     -1.000000      0.018623
  629     -0.750000      0.750000     -1.000000      0.019215
  630     -0.750000      0.875000     -1.000000      0.017037
  631     -0.875000      0.750000     -1.000000      0.015990
  632      0.875000      0.500000     -1.000000     -0.014344
  633      0.750000      0.500000     -1.000000     -0.018018
  634      0.750000      0.625000     -1.000000     -0.019004
  635      0.625000      0.500000     -1.000000     -0.017711
  636      0.500000      0.500000     -1.000000     -0.015399
  637      0.500000      0.625000     -1.000000     -0.016117
  638      0.375000      0.500000     -1.000000     -0.012058
  639      0.250000      0.500000     -1.000000     -0.008218
  640      0.250000      0.625000     -1.000000     -0.008616
  641      0.125000      0.500000     -1.000000     -0.004151
  642      0.000000      0.500000     -1.000000      0.000000
  643      0.000000      0.625000     -1.000000     -0.000000
  644     -0.125000      0.500000     -1.000000      0.004151
  645     -0.250000      0.500000     -1.000000      0.008218
  646     -0.250000      0.625000     -1.000000      0.008616
  647     -0.375000      0.500000     -1.000000      0.012058
  648     -0.500000      0.500000     -1.000000      0.015399
  649     -0.500000      0.625000     -1.000000      0.016117
  650     -0.625000      0.500000     -1.000000      0.017711
  651     -0.750000      0.500000     -1.000000      0.018018
  652     -0.750000      0.625000     -1.000000      0.019004
  653     -0.875000      0.500000     -1.000000      0.014344
  654      0.875000      0.250000     -1.000000     -0.012248
  655      0.750000      0.250000     -1.000000     -0.016026
  656      0.750000      0.375000     -1.000000     -0.016921
  657      0.625000      0.250000     -1.000000     -0.015894
  658      0.500000      0.250000     -1.000000     -0.013828
  659      0.500000      0.375000     -1.000000     -0.014544
  660      0.375000      0.250000     -1.000000     -0.010803
  661      0.250000      0.250000     -1.000000     -0.007341
  662      0.250000      0.375000     -1.000000     -0.007741
  663      0.125000      0.250000     -1.000000     -0.003700
  664      0.000000      0.250000     -1.000000      0.000000
  665      0.000000      0.375000     -1.000000     -0.000000
  666     -0.125000      0.250000     -1.000000      0.003700
  667     -0.250000      0.250000     -1.000000      0.007341
  668     -0.250000      0.375000     -1.000000      0.007741
  669     -0.375000      0.250000     -1.000000      0.010803
  670     -0.500000      0.250000     -1.000000      0.013828
  671     -0.500000      0.375000     -1.000000      0.014544
  672     -0.625000      0.250000     -1.000000      0.015894
  673     -0.750000      0.250000     -1.000000      0.016026
  674     -0.750000      0.375000     -1.000000      0.016921
  675     -0.875000      0.250000     -1.000000      0.012248
  676      0.875000      0.000000     -1.000000     -0.011461
  677      0.750000      0.000000     -1.000000     -0.015260
  678      0.750000      0.125000     -1.000000     -0.015452
  679      0.625000      0.000000     -1.000000     -0.015185
  680      0.500000      0.000000     -1.000000     -0.013210
  681      0.500000      0.125000     -1.000000     -0.013365
  682      0.375000      0.000000     -1.000000     -0.010307
  683      0.250000      0.000000     -1.000000     -0.006994
  684      0.250000      0.125000     -1.000000     -0.007082
  685      0.125000      0.000000     -1.000000     -0.003521
  686      0.000000      0.000000     -1.000000     -0.000000
  687      0.000000      0.125000     -1.000000     -0.000000
  688     -0.125000      0.000000     -1.000000      0.003521
  689     -0.250000      0.000000     -1.000000      0.006994
  690     -0.250000      0.125000     -1.000000      0.007082
  691     -0.375000      0.000000     -1.000000      0.010307
  692     -0.500000      0.000000     -1.000000      0.013210
  693     -0.500000      0.125000     -1.000000      0.013365
  694     -0.625000      0.000000     -1.000000      0.015185
  695     -0.750000      0.000000     -1.000000      0.015260
  696     -0.750000      0.125000     -1.000000      0.015452
  697     -0.875000      0.000000     -1.000000      0.011461
  698      0.875000     -0.250000     -1.000000     -0.012248
  699      0.750000     -0.250000     -1.000000     -0.016026
  700      0.750000     -0.125000     -1.000000     -0.015452
  701      0.625000     -0.250000     -1.000000     -0.015894
  702      0.500000     -0.250000     -1.000000     -0.013828
  703      0.500000     -0.125000     -1.000000     -0.013365
  704      0.375000     -0.250000     -1.000000     -0.010803
  705      0.250000     -0.250000     -1.000000     -0.007341
  706      0.250000     -0.125000     -1.000000     -0.007082
  707      0.125000     -0.250000     -1.000000     -0.003700
  708      0.000000     -0.250000     -1.000000     -0.000000
  709      0.000000     -0.125000     -1.000000     -0.000000
  710     -0.125000     -0.250000     -1.000000      0.003700
  711     -0.250000     -0.250000     -1.000000      0.007341
  712     -0.250000     -0.125000     -1.000000      0.007082
  713     -0.375000     -0.250000     -1.000000      0.010803
  714     -0.500000     -0.250000     -1.000000      0.013828
  715     -0.500000     -0.125000     -1.000000      0.013365
  716     -0.625000     -0.250000     -1.000000      0.015894
  717     -0.750000     -0.250000     -1.000000      0.016026
  718     -0.750000     -0.125000     -1.000000      0.015452
  719     -0.875000     -0.250000     -1.000000      0.012248
  720      0.875000     -0.500000     -1.000000     -0.014344
  721      0.750000     -0.500000     -1.000000     -0.018018
  722      0.750000     -0.375000     -1.000000     -0.016921
  723      0.625000     -0.500000     -1.000000     -0.017711
  724      0.500000     -0.500000     -1.000000     -0.015399
  725      0.500000     -0.375000     -1.000000     -0.014544
  726      0.375000     -0.500000     -1.000000     -0.012058
  727      0.250000     -0.500000     -1.000000     -0.008218
  728      0.250000     -0.375000     -1.000000     -0.007741
  729      0.125000     -0.500000     -1.000000     -0.004151
  730      0.000000     -0.500000     -1.000000      0.000000
  731      0.000000     -0.375000     -1.000000     -0.000000
  732     -0.125000     -0.500000     -1.000000      0.004151
  733     -0.250000     -0.500000     -1.000000      0.008218
  734     -0.250000     -0.375000     -1.000000      0.007741
  735     -0.375000     -0.500000     -1.000000      0.012058
  736     -0.500000     -0.500000     -1.000000      0.015399
  737     -0.500000     -0.375000     -1.000000      0.014544
  738     -0.625000     -0.500000     -1.000000      0.017711
  739     -0.750000     -0.500000     -1.000000      0.018018
  740     -0.750000     -0.375000     -1.000000      0.016921
  741     -0.875000     -0.500000     -1.000000      0.014344
  742      0.875000     -0.750000     -1.000000     -0.015990
  743      0.750000     -0.750000     -1.000000     -0.019215
  744      0.750000     -0.625000     -1.000000     -0.019004
  745      0.625000     -0.750000     -1.000000     -0.018623
  746      0.500000     -0.750000     -1.000000     -0.016126
  747      0.500000     -0.625000     -1.000000     -0.016117
  748      0.375000     -0.750000     -1.000000     -0.012629
  749      0.250000     -0.750000     -1.000000     -0.008621
  750      0.250000     -0.625000     -1.000000     -0.008616
  751      0.125000     -0.750000     -1.000000     -0.004361
  752      0.000000     -0.750000     -1.000000      0.000000
  753      0.000000     -0.625000     -1.000000     -0.000000
  754     -0.125000     -0.750000     -1.000000      0.004361
  755     -0.250000     -0.750000     -1.000000      0.008621
  756     -0.250000     -0.625000     -1.000000      0.008616
  757     -0.375000     -0.750000     -1.000000      0.012629
  758     -0.500000     -0.750000     -1.000000      0.016126
  759     -0.500000     -0.625000     -1.000000      0.016117
  760     -0.625000     -0.750000     -1.000000      0.018623
  761     -0.750000     -0.750000     -1.000000      0.019215
  762     -0.750000     -0.625000     -1.000000      0.019004
  763     -0.875000     -0.750000     -1.000000      0.015990
  764      0.750000     -0.875000     -1.000000     -0.017037
  765      0.500000     -0.875000     -1.000000     -0.014134
  766      0.250000     -0.875000     -1.000000     -0.007534
  767      0.000000     -0.875000     -1.000000     -0.000000
  768     -0.250000     -0.875000     -1.000000      0.007534
  769     -0.500000     -0.875000     -1.000000      0.014134
  770     -0.750000     -0.875000     -1.000000      0.017037
 
 
   =========== After RLUDCMP ==============
   IP=           1
     INODE          BMATA
    1      1.000000      1.000000      0.000000      1.904012
    2      0.875000      1.000000      0.000000      1.855068
    3      0.750000      1.000000      0.000000      1.726197
    4      0.750000      0.875000      0.000000      1.725158
    5      0.750000      0.750000      0.000000      1.726688
    6      0.875000      0.750000      0.000000      1.855422
    7      1.000000      0.750000      0.000000      1.904837
    8      1.000000      0.875000      0.000000      1.904095
    9      0.625000      1.000000      0.000000      1.545331
   10      0.500000      1.000000      0.000000      1.303631
   11      0.500000      0.875000      0.000000      1.301854
   12      0.500000      0.750000      0.000000      1.304084
   13      0.625000      0.750000      0.000000      1.545799
   14      0.375000      1.000000      0.000000      1.022000
   15      0.250000      1.000000      0.000000      0.700437
   16      0.250000      0.875000      0.000000      0.699200
   17      0.250000      0.750000      0.000000      0.700704
   18      0.375000      0.750000      0.000000      1.022352
   19      0.125000      1.000000      0.000000      0.357163
   20      0.000000      1.000000      0.000000     -0.000000
   21      0.000000      0.875000      0.000000      0.000000
   22      0.000000      0.750000      0.000000      0.000000
   23      0.125000      0.750000      0.000000      0.357293
   24     -0.125000      1.000000      0.000000     -0.357163
   25     -0.250000      1.000000      0.000000     -0.700437
   26     -0.250000      0.875000      0.000000     -0.699200
   27     -0.250000      0.750000      0.000000     -0.700704
   28     -0.125000      0.750000      0.000000     -0.357293
   29     -0.375000      1.000000      0.000000     -1.022000
   30     -0.500000      1.000000      0.000000     -1.303631
   31     -0.500000      0.875000      0.000000     -1.301854
   32     -0.500000      0.750000      0.000000     -1.304084
   33     -0.375000      0.750000      0.000000     -1.022352
   34     -0.625000      1.000000      0.000000     -1.545331
   35     -0.750000      1.000000      0.000000     -1.726197
   36     -0.750000      0.875000      0.000000     -1.725158
   37     -0.750000      0.750000      0.000000     -1.726688
   38     -0.625000      0.750000      0.000000     -1.545799
   39     -0.875000      1.000000      0.000000     -1.855068
   40     -1.000000      1.000000      0.000000     -1.904012
   41     -1.000000      0.875000      0.000000     -1.904095
   42     -1.000000      0.750000      0.000000     -1.904837
   43     -0.875000      0.750000      0.000000     -1.855422
   44      0.750000      0.625000      0.000000      1.725329
   45      0.750000      0.500000      0.000000      1.726245
   46      0.875000      0.500000      0.000000      1.855011
   47      1.000000      0.500000      0.000000      1.904275
   48      1.000000      0.625000      0.000000      1.902307
   49      0.500000      0.625000      0.000000      1.302676
   50      0.500000      0.500000      0.000000      1.303726
   51      0.625000      0.500000      0.000000      1.545419
   52      0.250000      0.625000      0.000000      0.699821
   53      0.250000      0.500000      0.000000      0.700496
   54      0.375000      0.500000      0.000000      1.022082
   55      0.000000      0.625000      0.000000      0.000000
   56      0.000000      0.500000      0.000000      0.000000
   57      0.125000      0.500000      0.000000      0.357194
   58     -0.250000      0.625000      0.000000     -0.699821
   59     -0.250000      0.500000      0.000000     -0.700496
   60     -0.125000      0.500000      0.000000     -0.357194
   61     -0.500000      0.625000      0.000000     -1.302676
   62     -0.500000      0.500000      0.000000     -1.303726
   63     -0.375000      0.500000      0.000000     -1.022082
   64     -0.750000      0.625000      0.000000     -1.725329
   65     -0.750000      0.500000      0.000000     -1.726245
   66     -0.625000      0.500000      0.000000     -1.545419
   67     -1.000000      0.625000      0.000000     -1.902307
   68     -1.000000      0.500000      0.000000     -1.904275
   69     -0.875000      0.500000      0.000000     -1.855011
   70      0.750000      0.375000      0.000000      1.725152
   71      0.750000      0.250000      0.000000      1.726164
   72      0.875000      0.250000      0.000000      1.854964
   73      1.000000      0.250000      0.000000      1.904136
   74      1.000000      0.375000      0.000000      1.902042
   75      0.500000      0.375000      0.000000      1.302531
   76      0.500000      0.250000      0.000000      1.303652
   77      0.625000      0.250000      0.000000      1.545336
   78      0.250000      0.375000      0.000000      0.699740
   79      0.250000      0.250000      0.000000      0.700456
   80      0.375000      0.250000      0.000000      1.022024
   81      0.000000      0.375000      0.000000      0.000000
   82      0.000000      0.250000      0.000000     -0.000000
   83      0.125000      0.250000      0.000000      0.357173
   84     -0.250000      0.375000      0.000000     -0.699740
   85     -0.250000      0.250000      0.000000     -0.700456
   86     -0.125000      0.250000      0.000000     -0.357173
   87     -0.500000      0.375000      0.000000     -1.302531
   88     -0.500000      0.250000      0.000000     -1.303652
   89     -0.375000      0.250000      0.000000     -1.022024
   90     -0.750000      0.375000      0.000000     -1.725152
   91     -0.750000      0.250000      0.000000     -1.726164
   92     -0.625000      0.250000      0.000000     -1.545336
   93     -1.000000      0.375000      0.000000     -1.902042
   94     -1.000000      0.250000      0.000000     -1.904136
   95     -0.875000      0.250000      0.000000     -1.854964
   96      0.750000      0.125000      0.000000      1.725114
   97      0.750000      0.000000      0.000000      1.726148
   98      0.875000      0.000000      0.000000      1.854959
   99      1.000000      0.000000      0.000000      1.904104
  100      1.000000      0.125000      0.000000      1.901969
  101      0.500000      0.125000      0.000000      1.302494
  102      0.500000      0.000000      0.000000      1.303636
  103      0.625000      0.000000      0.000000      1.545319
  104      0.250000      0.125000      0.000000      0.699719
  105      0.250000      0.000000      0.000000      0.700446
  106      0.375000      0.000000      0.000000      1.022011
  107      0.000000      0.125000      0.000000      0.000000
  108      0.000000      0.000000      0.000000      0.000000
  109      0.125000      0.000000      0.000000      0.357168
  110     -0.250000      0.125000      0.000000     -0.699719
  111     -0.250000      0.000000      0.000000     -0.700446
  112     -0.125000      0.000000      0.000000     -0.357168
  113     -0.500000      0.125000      0.000000     -1.302494
  114     -0.500000      0.000000      0.000000     -1.303636
  115     -0.375000      0.000000      0.000000     -1.022011
  116     -0.750000      0.125000      0.000000     -1.725114
  117     -0.750000      0.000000      0.000000     -1.726148
  118     -0.625000      0.000000      0.000000     -1.545319
  119     -1.000000      0.125000      0.000000     -1.901969
  120     -1.000000      0.000000      0.000000     -1.904104
  121     -0.875000      0.000000      0.000000     -1.854959
  122      0.750000     -0.125000      0.000000      1.725114
  123      0.750000     -0.250000      0.000000      1.726164
  124      0.875000     -0.250000      0.000000      1.854964
  125      1.000000     -0.250000      0.000000      1.904136
  126      1.000000     -0.125000      0.000000      1.901969
  127      0.500000     -0.125000      0.000000      1.302494
  128      0.500000     -0.250000      0.000000      1.303652
  129      0.625000     -0.250000      0.000000      1.545336
  130      0.250000     -0.125000      0.000000      0.699719
  131      0.250000     -0.250000      0.000000      0.700456
  132      0.375000     -0.250000      0.000000      1.022024
  133      0.000000     -0.125000      0.000000      0.000000
  134      0.000000     -0.250000      0.000000     -0.000000
  135      0.125000     -0.250000      0.000000      0.357173
  136     -0.250000     -0.125000      0.000000     -0.699719
  137     -0.250000     -0.250000      0.000000     -0.700456
  138     -0.125000     -0.250000      0.000000     -0.357173
  139     -0.500000     -0.125000      0.000000     -1.302494
  140     -0.500000     -0.250000      0.000000     -1.303652
  141     -0.375000     -0.250000      0.000000     -1.022024
  142     -0.750000     -0.125000      0.000000     -1.725114
  143     -0.750000     -0.250000      0.000000     -1.726164
  144     -0.625000     -0.250000      0.000000     -1.545336
  145     -1.000000     -0.125000      0.000000     -1.901969
  146     -1.000000     -0.250000      0.000000     -1.904136
  147     -0.875000     -0.250000      0.000000     -1.854964
  148      0.750000     -0.375000      0.000000      1.725152
  149      0.750000     -0.500000      0.000000      1.726245
  150      0.875000     -0.500000      0.000000      1.855011
  151      1.000000     -0.500000      0.000000      1.904275
  152      1.000000     -0.375000      0.000000      1.902042
  153      0.500000     -0.375000      0.000000      1.302531
  154      0.500000     -0.500000      0.000000      1.303726
  155      0.625000     -0.500000      0.000000      1.545419
  156      0.250000     -0.375000      0.000000      0.699740
  157      0.250000     -0.500000      0.000000      0.700496
  158      0.375000     -0.500000      0.000000      1.022082
  159      0.000000     -0.375000      0.000000      0.000000
  160      0.000000     -0.500000      0.000000     -0.000000
  161      0.125000     -0.500000      0.000000      0.357194
  162     -0.250000     -0.375000      0.000000     -0.699740
  163     -0.250000     -0.500000      0.000000     -0.700496
  164     -0.125000     -0.500000      0.000000     -0.357194
  165     -0.500000     -0.375000      0.000000     -1.302531
  166     -0.500000     -0.500000      0.000000     -1.303726
  167     -0.375000     -0.500000      0.000000     -1.022082
  168     -0.750000     -0.375000      0.000000     -1.725152
  169     -0.750000     -0.500000      0.000000     -1.726245
  170     -0.625000     -0.500000      0.000000     -1.545419
  171     -1.000000     -0.375000      0.000000     -1.902042
  172     -1.000000     -0.500000      0.000000     -1.904275
  173     -0.875000     -0.500000      0.000000     -1.855011
  174      0.750000     -0.625000      0.000000      1.725329
  175      0.750000     -0.750000      0.000000      1.726688
  176      0.875000     -0.750000      0.000000      1.855422
  177      1.000000     -0.750000      0.000000      1.904837
  178      1.000000     -0.625000      0.000000      1.902307
  179      0.500000     -0.625000      0.000000      1.302676
  180      0.500000     -0.750000      0.000000      1.304084
  181      0.625000     -0.750000      0.000000      1.545799
  182      0.250000     -0.625000      0.000000      0.699821
  183      0.250000     -0.750000      0.000000      0.700704
  184      0.375000     -0.750000      0.000000      1.022352
  185      0.000000     -0.625000      0.000000      0.000000
  186      0.000000     -0.750000      0.000000      0.000000
  187      0.125000     -0.750000      0.000000      0.357293
  188     -0.250000     -0.625000      0.000000     -0.699821
  189     -0.250000     -0.750000      0.000000     -0.700704
  190     -0.125000     -0.750000      0.000000     -0.357293
  191     -0.500000     -0.625000      0.000000     -1.302676
  192     -0.500000     -0.750000      0.000000     -1.304084
  193     -0.375000     -0.750000      0.000000     -1.022352
  194     -0.750000     -0.625000      0.000000     -1.725329
  195     -0.750000     -0.750000      0.000000     -1.726688
  196     -0.625000     -0.750000      0.000000     -1.545799
  197     -1.000000     -0.625000      0.000000     -1.902307
  198     -1.000000     -0.750000      0.000000     -1.904837
  199     -0.875000     -0.750000      0.000000     -1.855422
  200      0.750000     -0.875000      0.000000      1.725158
  201      0.750000     -1.000000      0.000000      1.726197
  202      0.875000     -1.000000      0.000000      1.855068
  203      1.000000     -1.000000      0.000000      1.904012
  204      1.000000     -0.875000      0.000000      1.904095
  205      0.500000     -0.875000      0.000000      1.301854
  206      0.500000     -1.000000      0.000000      1.303631
  207      0.625000     -1.000000      0.000000      1.545331
  208      0.250000     -0.875000      0.000000      0.699200
  209      0.250000     -1.000000      0.000000      0.700437
  210      0.375000     -1.000000      0.000000      1.022000
  211      0.000000     -0.875000      0.000000      0.000000
  212      0.000000     -1.000000      0.000000      0.000000
  213      0.125000     -1.000000      0.000000      0.357163
  214     -0.250000     -0.875000      0.000000     -0.699200
  215     -0.250000     -1.000000      0.000000     -0.700437
  216     -0.125000     -1.000000      0.000000     -0.357163
  217     -0.500000     -0.875000      0.000000     -1.301854
  218     -0.500000     -1.000000      0.000000     -1.303631
  219     -0.375000     -1.000000      0.000000     -1.022000
  220     -0.750000     -0.875000      0.000000     -1.725158
  221     -0.750000     -1.000000      0.000000     -1.726197
  222     -0.625000     -1.000000      0.000000     -1.545331
  223     -1.000000     -0.875000      0.000000     -1.904095
  224     -1.000000     -1.000000      0.000000     -1.904012
  225     -0.875000     -1.000000      0.000000     -1.855068
  226      1.000000      0.750000     -0.125000      1.056134
  227      1.000000      0.750000     -0.250000      0.875805
  228      1.000000      0.875000     -0.250000      0.875525
  229      1.000000      1.000000     -0.250000      0.875770
  230      1.000000      1.000000     -0.125000      1.056063
  231      1.000000      0.500000     -0.125000      1.056095
  232      1.000000      0.500000     -0.250000      0.875805
  233      1.000000      0.625000     -0.250000      0.875803
  234      1.000000      0.250000     -0.125000      1.056069
  235      1.000000      0.250000     -0.250000      0.875792
  236      1.000000      0.375000     -0.250000      0.875791
  237      1.000000      0.000000     -0.125000      1.056061
  238      1.000000      0.000000     -0.250000      0.875787
  239      1.000000      0.125000     -0.250000      0.875782
  240      1.000000     -0.250000     -0.125000      1.056069
  241      1.000000     -0.250000     -0.250000      0.875792
  242      1.000000     -0.125000     -0.250000      0.875782
  243      1.000000     -0.500000     -0.125000      1.056095
  244      1.000000     -0.500000     -0.250000      0.875805
  245      1.000000     -0.375000     -0.250000      0.875791
  246      1.000000     -0.750000     -0.125000      1.056134
  247      1.000000     -0.750000     -0.250000      0.875805
  248      1.000000     -0.625000     -0.250000      0.875803
  249      1.000000     -1.000000     -0.125000      1.056063
  250      1.000000     -1.000000     -0.250000      0.875770
  251      1.000000     -0.875000     -0.250000      0.875525
  252      1.000000      0.750000     -0.375000      0.726014
  253      1.000000      0.750000     -0.500000      0.601841
  254      1.000000      0.875000     -0.500000      0.601660
  255      1.000000      1.000000     -0.500000      0.601833
  256      1.000000      1.000000     -0.375000      0.725999
  257      1.000000      0.500000     -0.375000      0.726029
  258      1.000000      0.500000     -0.500000      0.601858
  259      1.000000      0.625000     -0.500000      0.601851
  260      1.000000      0.250000     -0.375000      0.726027
  261      1.000000      0.250000     -0.500000      0.601862
  262      1.000000      0.375000     -0.500000      0.601860
  263      1.000000      0.000000     -0.375000      0.726024
  264      1.000000      0.000000     -0.500000      0.601862
  265      1.000000      0.125000     -0.500000      0.601861
  266      1.000000     -0.250000     -0.375000      0.726027
  267      1.000000     -0.250000     -0.500000      0.601862
  268      1.000000     -0.125000     -0.500000      0.601861
  269      1.000000     -0.500000     -0.375000      0.726029
  270      1.000000     -0.500000     -0.500000      0.601858
  271      1.000000     -0.375000     -0.500000      0.601860
  272      1.000000     -0.750000     -0.375000      0.726014
  273      1.000000     -0.750000     -0.500000      0.601841
  274      1.000000     -0.625000     -0.500000      0.601851
  275      1.000000     -1.000000     -0.375000      0.725999
  276      1.000000     -1.000000     -0.500000      0.601833
  277      1.000000     -0.875000     -0.500000      0.601660
  278      1.000000      0.750000     -0.625000      0.498887
  279      1.000000      0.750000     -0.750000      0.413528
  280      1.000000      0.875000     -0.750000      0.413396
  281      1.000000      1.000000     -0.750000      0.413528
  282      1.000000      1.000000     -0.625000      0.498886
  283      1.000000      0.500000     -0.625000      0.498909
  284      1.000000      0.500000     -0.750000      0.413554
  285      1.000000      0.625000     -0.750000      0.413541
  286      1.000000      0.250000     -0.625000      0.498917
  287      1.000000      0.250000     -0.750000      0.413564
  288      1.000000      0.375000     -0.750000      0.413559
  289      1.000000      0.000000     -0.625000      0.498918
  290      1.000000      0.000000     -0.750000      0.413567
  291      1.000000      0.125000     -0.750000      0.413564
  292      1.000000     -0.250000     -0.625000      0.498917
  293      1.000000     -0.250000     -0.750000      0.413564
  294      1.000000     -0.125000     -0.750000      0.413564
  295      1.000000     -0.500000     -0.625000      0.498909
  296      1.000000     -0.500000     -0.750000      0.413554
  297      1.000000     -0.375000     -0.750000      0.413559
  298      1.000000     -0.750000     -0.625000      0.498887
  299      1.000000     -0.750000     -0.750000      0.413528
  300      1.000000     -0.625000     -0.750000      0.413541
  301      1.000000     -1.000000     -0.625000      0.498886
  302      1.000000     -1.000000     -0.750000      0.413528
  303      1.000000     -0.875000     -0.750000      0.413396
  304      1.000000      0.750000     -0.875000      0.342671
  305      1.000000      0.750000     -1.000000      0.284102
  306      1.000000      0.875000     -1.000000      0.284001
  307      1.000000      1.000000     -1.000000      0.284127
  308      1.000000      1.000000     -0.875000      0.342672
  309      1.000000      0.500000     -0.875000      0.342706
  310      1.000000      0.500000     -1.000000      0.284131
  311      1.000000      0.625000     -1.000000      0.284125
  312      1.000000      0.250000     -0.875000      0.342718
  313      1.000000      0.250000     -1.000000      0.284142
  314      1.000000      0.375000     -1.000000      0.284143
  315      1.000000      0.000000     -0.875000      0.342721
  316      1.000000      0.000000     -1.000000      0.284145
  317      1.000000      0.125000     -1.000000      0.284149
  318      1.000000     -0.250000     -0.875000      0.342718
  319      1.000000     -0.250000     -1.000000      0.284142
  320      1.000000     -0.125000     -1.000000      0.284149
  321      1.000000     -0.500000     -0.875000      0.342706
  322      1.000000     -0.500000     -1.000000      0.284131
  323      1.000000     -0.375000     -1.000000      0.284143
  324      1.000000     -0.750000     -0.875000      0.342671
  325      1.000000     -0.750000     -1.000000      0.284102
  326      1.000000     -0.625000     -1.000000      0.284125
  327      1.000000     -1.000000     -0.875000      0.342672
  328      1.000000     -1.000000     -1.000000      0.284127
  329      1.000000     -0.875000     -1.000000      0.284001
  330     -1.000000      1.000000     -0.125000     -1.056063
  331     -1.000000      1.000000     -0.250000     -0.875770
  332     -1.000000      0.875000     -0.250000     -0.875525
  333     -1.000000      0.750000     -0.250000     -0.875805
  334     -1.000000      0.750000     -0.125000     -1.056134
  335     -1.000000      0.625000     -0.250000     -0.875803
  336     -1.000000      0.500000     -0.250000     -0.875805
  337     -1.000000      0.500000     -0.125000     -1.056095
  338     -1.000000      0.375000     -0.250000     -0.875791
  339     -1.000000      0.250000     -0.250000     -0.875792
  340     -1.000000      0.250000     -0.125000     -1.056069
  341     -1.000000      0.125000     -0.250000     -0.875782
  342     -1.000000      0.000000     -0.250000     -0.875787
  343     -1.000000      0.000000     -0.125000     -1.056061
  344     -1.000000     -0.125000     -0.250000     -0.875782
  345     -1.000000     -0.250000     -0.250000     -0.875792
  346     -1.000000     -0.250000     -0.125000     -1.056069
  347     -1.000000     -0.375000     -0.250000     -0.875791
  348     -1.000000     -0.500000     -0.250000     -0.875805
  349     -1.000000     -0.500000     -0.125000     -1.056095
  350     -1.000000     -0.625000     -0.250000     -0.875803
  351     -1.000000     -0.750000     -0.250000     -0.875805
  352     -1.000000     -0.750000     -0.125000     -1.056134
  353     -1.000000     -0.875000     -0.250000     -0.875525
  354     -1.000000     -1.000000     -0.250000     -0.875770
  355     -1.000000     -1.000000     -0.125000     -1.056063
  356     -1.000000      1.000000     -0.375000     -0.725999
  357     -1.000000      1.000000     -0.500000     -0.601833
  358     -1.000000      0.875000     -0.500000     -0.601660
  359     -1.000000      0.750000     -0.500000     -0.601841
  360     -1.000000      0.750000     -0.375000     -0.726014
  361     -1.000000      0.625000     -0.500000     -0.601851
  362     -1.000000      0.500000     -0.500000     -0.601858
  363     -1.000000      0.500000     -0.375000     -0.726029
  364     -1.000000      0.375000     -0.500000     -0.601860
  365     -1.000000      0.250000     -0.500000     -0.601862
  366     -1.000000      0.250000     -0.375000     -0.726027
  367     -1.000000      0.125000     -0.500000     -0.601861
  368     -1.000000      0.000000     -0.500000     -0.601862
  369     -1.000000      0.000000     -0.375000     -0.726024
  370     -1.000000     -0.125000     -0.500000     -0.601861
  371     -1.000000     -0.250000     -0.500000     -0.601862
  372     -1.000000     -0.250000     -0.375000     -0.726027
  373     -1.000000     -0.375000     -0.500000     -0.601860
  374     -1.000000     -0.500000     -0.500000     -0.601858
  375     -1.000000     -0.500000     -0.375000     -0.726029
  376     -1.000000     -0.625000     -0.500000     -0.601851
  377     -1.000000     -0.750000     -0.500000     -0.601841
  378     -1.000000     -0.750000     -0.375000     -0.726014
  379     -1.000000     -0.875000     -0.500000     -0.601660
  380     -1.000000     -1.000000     -0.500000     -0.601833
  381     -1.000000     -1.000000     -0.375000     -0.725999
  382     -1.000000      1.000000     -0.625000     -0.498886
  383     -1.000000      1.000000     -0.750000     -0.413528
  384     -1.000000      0.875000     -0.750000     -0.413396
  385     -1.000000      0.750000     -0.750000     -0.413528
  386     -1.000000      0.750000     -0.625000     -0.498887
  387     -1.000000      0.625000     -0.750000     -0.413541
  388     -1.000000      0.500000     -0.750000     -0.413554
  389     -1.000000      0.500000     -0.625000     -0.498909
  390     -1.000000      0.375000     -0.750000     -0.413559
  391     -1.000000      0.250000     -0.750000     -0.413564
  392     -1.000000      0.250000     -0.625000     -0.498917
  393     -1.000000      0.125000     -0.750000     -0.413564
  394     -1.000000      0.000000     -0.750000     -0.413567
  395     -1.000000      0.000000     -0.625000     -0.498918
  396     -1.000000     -0.125000     -0.750000     -0.413564
  397     -1.000000     -0.250000     -0.750000     -0.413564
  398     -1.000000     -0.250000     -0.625000     -0.498917
  399     -1.000000     -0.375000     -0.750000     -0.413559
  400     -1.000000     -0.500000     -0.750000     -0.413554
  401     -1.000000     -0.500000     -0.625000     -0.498909
  402     -1.000000     -0.625000     -0.750000     -0.413541
  403     -1.000000     -0.750000     -0.750000     -0.413528
  404     -1.000000     -0.750000     -0.625000     -0.498887
  405     -1.000000     -0.875000     -0.750000     -0.413396
  406     -1.000000     -1.000000     -0.750000     -0.413528
  407     -1.000000     -1.000000     -0.625000     -0.498886
  408     -1.000000      1.000000     -0.875000     -0.342672
  409     -1.000000      1.000000     -1.000000     -0.284127
  410     -1.000000      0.875000     -1.000000     -0.284001
  411     -1.000000      0.750000     -1.000000     -0.284102
  412     -1.000000      0.750000     -0.875000     -0.342671
  413     -1.000000      0.625000     -1.000000     -0.284125
  414     -1.000000      0.500000     -1.000000     -0.284131
  415     -1.000000      0.500000     -0.875000     -0.342706
  416     -1.000000      0.375000     -1.000000     -0.284143
  417     -1.000000      0.250000     -1.000000     -0.284142
  418     -1.000000      0.250000     -0.875000     -0.342718
  419     -1.000000      0.125000     -1.000000     -0.284149
  420     -1.000000      0.000000     -1.000000     -0.284145
  421     -1.000000      0.000000     -0.875000     -0.342721
  422     -1.000000     -0.125000     -1.000000     -0.284149
  423     -1.000000     -0.250000     -1.000000     -0.284142
  424     -1.000000     -0.250000     -0.875000     -0.342718
  425     -1.000000     -0.375000     -1.000000     -0.284143
  426     -1.000000     -0.500000     -1.000000     -0.284131
  427     -1.000000     -0.500000     -0.875000     -0.342706
  428     -1.000000     -0.625000     -1.000000     -0.284125
  429     -1.000000     -0.750000     -1.000000     -0.284102
  430     -1.000000     -0.750000     -0.875000     -0.342671
  431     -1.000000     -0.875000     -1.000000     -0.284001
  432     -1.000000     -1.000000     -1.000000     -0.284127
  433     -1.000000     -1.000000     -0.875000     -0.342672
  434      0.750000      1.000000     -0.125000      0.955310
  435      0.750000      1.000000     -0.250000      0.792175
  436      0.875000      1.000000     -0.250000      0.848577
  437      0.500000      1.000000     -0.125000      0.721664
  438      0.500000      1.000000     -0.250000      0.598461
  439      0.625000      1.000000     -0.250000      0.707724
  440      0.250000      1.000000     -0.125000      0.387755
  441      0.250000      1.000000     -0.250000      0.321567
  442      0.375000      1.000000     -0.250000      0.468215
  443      0.000000      1.000000     -0.125000     -0.000000
  444      0.000000      1.000000     -0.250000     -0.000000
  445      0.125000      1.000000     -0.250000      0.163649
  446     -0.250000      1.000000     -0.125000     -0.387755
  447     -0.250000      1.000000     -0.250000     -0.321567
  448     -0.125000      1.000000     -0.250000     -0.163649
  449     -0.500000      1.000000     -0.125000     -0.721664
  450     -0.500000      1.000000     -0.250000     -0.598461
  451     -0.375000      1.000000     -0.250000     -0.468215
  452     -0.750000      1.000000     -0.125000     -0.955310
  453     -0.750000      1.000000     -0.250000     -0.792175
  454     -0.625000      1.000000     -0.250000     -0.707724
  455     -0.875000      1.000000     -0.250000     -0.848577
  456      0.750000      1.000000     -0.375000      0.656680
  457      0.750000      1.000000     -0.500000      0.544361
  458      0.875000      1.000000     -0.500000      0.583136
  459      0.500000      1.000000     -0.375000      0.496114
  460      0.500000      1.000000     -0.500000      0.411261
  461      0.625000      1.000000     -0.500000      0.486338
  462      0.250000      1.000000     -0.375000      0.266579
  463      0.250000      1.000000     -0.500000      0.220988
  464      0.375000      1.000000     -0.500000      0.321765
  465      0.000000      1.000000     -0.375000     -0.000000
  466      0.000000      1.000000     -0.500000     -0.000000
  467      0.125000      1.000000     -0.500000      0.112465
  468     -0.250000      1.000000     -0.375000     -0.266579
  469     -0.250000      1.000000     -0.500000     -0.220988
  470     -0.125000      1.000000     -0.500000     -0.112465
  471     -0.500000      1.000000     -0.375000     -0.496114
  472     -0.500000      1.000000     -0.500000     -0.411261
  473     -0.375000      1.000000     -0.500000     -0.321765
  474     -0.750000      1.000000     -0.375000     -0.656680
  475     -0.750000      1.000000     -0.500000     -0.544361
  476     -0.625000      1.000000     -0.500000     -0.486338
  477     -0.875000      1.000000     -0.500000     -0.583136
  478      0.750000      1.000000     -0.625000      0.451237
  479      0.750000      1.000000     -0.750000      0.374028
  480      0.875000      1.000000     -0.750000      0.400666
  481      0.500000      1.000000     -0.625000      0.340911
  482      0.500000      1.000000     -0.750000      0.282584
  483      0.625000      1.000000     -0.750000      0.334165
  484      0.250000      1.000000     -0.625000      0.183188
  485      0.250000      1.000000     -0.750000      0.151847
  486      0.375000      1.000000     -0.750000      0.221091
  487      0.000000      1.000000     -0.625000     -0.000000
  488      0.000000      1.000000     -0.750000     -0.000000
  489      0.125000      1.000000     -0.750000      0.077278
  490     -0.250000      1.000000     -0.625000     -0.183188
  491     -0.250000      1.000000     -0.750000     -0.151847
  492     -0.125000      1.000000     -0.750000     -0.077278
  493     -0.500000      1.000000     -0.625000     -0.340911
  494     -0.500000      1.000000     -0.750000     -0.282584
  495     -0.375000      1.000000     -0.750000     -0.221091
  496     -0.750000      1.000000     -0.625000     -0.451237
  497     -0.750000      1.000000     -0.750000     -0.374028
  498     -0.625000      1.000000     -0.750000     -0.334165
  499     -0.875000      1.000000     -0.750000     -0.400666
  500      0.750000      1.000000     -0.875000      0.309938
  501      0.750000      1.000000     -1.000000      0.256957
  502      0.875000      1.000000     -1.000000      0.275248
  503      0.500000      1.000000     -0.875000      0.234171
  504      0.500000      1.000000     -1.000000      0.194141
  505      0.625000      1.000000     -1.000000      0.229579
  506      0.250000      1.000000     -0.875000      0.125834
  507      0.250000      1.000000     -1.000000      0.104323
  508      0.375000      1.000000     -1.000000      0.151898
  509      0.000000      1.000000     -0.875000     -0.000000
  510      0.000000      1.000000     -1.000000     -0.000000
  511      0.125000      1.000000     -1.000000      0.053093
  512     -0.250000      1.000000     -0.875000     -0.125834
  513     -0.250000      1.000000     -1.000000     -0.104323
  514     -0.125000      1.000000     -1.000000     -0.053093
  515     -0.500000      1.000000     -0.875000     -0.234171
  516     -0.500000      1.000000     -1.000000     -0.194141
  517     -0.375000      1.000000     -1.000000     -0.151898
  518     -0.750000      1.000000     -0.875000     -0.309938
  519     -0.750000      1.000000     -1.000000     -0.256957
  520     -0.625000      1.000000     -1.000000     -0.229579
  521     -0.875000      1.000000     -1.000000     -0.275248
  522      0.750000     -1.000000     -0.125000      0.955310
  523      0.750000     -1.000000     -0.250000      0.792175
  524      0.875000     -1.000000     -0.250000      0.848577
  525      0.500000     -1.000000     -0.125000      0.721664
  526      0.500000     -1.000000     -0.250000      0.598461
  527      0.625000     -1.000000     -0.250000      0.707724
  528      0.250000     -1.000000     -0.125000      0.387755
  529      0.250000     -1.000000     -0.250000      0.321567
  530      0.375000     -1.000000     -0.250000      0.468215
  531      0.000000     -1.000000     -0.125000     -0.000000
  532      0.000000     -1.000000     -0.250000     -0.000000
  533      0.125000     -1.000000     -0.250000      0.163649
  534     -0.250000     -1.000000     -0.125000     -0.387755
  535     -0.250000     -1.000000     -0.250000     -0.321567
  536     -0.125000     -1.000000     -0.250000     -0.163649
  537     -0.500000     -1.000000     -0.125000     -0.721664
  538     -0.500000     -1.000000     -0.250000     -0.598461
  539     -0.375000     -1.000000     -0.250000     -0.468215
  540     -0.750000     -1.000000     -0.125000     -0.955310
  541     -0.750000     -1.000000     -0.250000     -0.792175
  542     -0.625000     -1.000000     -0.250000     -0.707724
  543     -0.875000     -1.000000     -0.250000     -0.848577
  544      0.750000     -1.000000     -0.375000      0.656680
  545      0.750000     -1.000000     -0.500000      0.544361
  546      0.875000     -1.000000     -0.500000      0.583136
  547      0.500000     -1.000000     -0.375000      0.496114
  548      0.500000     -1.000000     -0.500000      0.411261
  549      0.625000     -1.000000     -0.500000      0.486338
  550      0.250000     -1.000000     -0.375000      0.266579
  551      0.250000     -1.000000     -0.500000      0.220988
  552      0.375000     -1.000000     -0.500000      0.321765
  553      0.000000     -1.000000     -0.375000     -0.000000
  554      0.000000     -1.000000     -0.500000     -0.000000
  555      0.125000     -1.000000     -0.500000      0.112465
  556     -0.250000     -1.000000     -0.375000     -0.266579
  557     -0.250000     -1.000000     -0.500000     -0.220988
  558     -0.125000     -1.000000     -0.500000     -0.112465
  559     -0.500000     -1.000000     -0.375000     -0.496114
  560     -0.500000     -1.000000     -0.500000     -0.411261
  561     -0.375000     -1.000000     -0.500000     -0.321765
  562     -0.750000     -1.000000     -0.375000     -0.656680
  563     -0.750000     -1.000000     -0.500000     -0.544361
  564     -0.625000     -1.000000     -0.500000     -0.486338
  565     -0.875000     -1.000000     -0.500000     -0.583136
  566      0.750000     -1.000000     -0.625000      0.451237
  567      0.750000     -1.000000     -0.750000      0.374028
  568      0.875000     -1.000000     -0.750000      0.400666
  569      0.500000     -1.000000     -0.625000      0.340911
  570      0.500000     -1.000000     -0.750000      0.282584
  571      0.625000     -1.000000     -0.750000      0.334165
  572      0.250000     -1.000000     -0.625000      0.183188
  573      0.250000     -1.000000     -0.750000      0.151847
  574      0.375000     -1.000000     -0.750000      0.221091
  575      0.000000     -1.000000     -0.625000     -0.000000
  576      0.000000     -1.000000     -0.750000     -0.000000
  577      0.125000     -1.000000     -0.750000      0.077278
  578     -0.250000     -1.000000     -0.625000     -0.183188
  579     -0.250000     -1.000000     -0.750000     -0.151847
  580     -0.125000     -1.000000     -0.750000     -0.077278
  581     -0.500000     -1.000000     -0.625000     -0.340911
  582     -0.500000     -1.000000     -0.750000     -0.282584
  583     -0.375000     -1.000000     -0.750000     -0.221091
  584     -0.750000     -1.000000     -0.625000     -0.451237
  585     -0.750000     -1.000000     -0.750000     -0.374028
  586     -0.625000     -1.000000     -0.750000     -0.334165
  587     -0.875000     -1.000000     -0.750000     -0.400666
  588      0.750000     -1.000000     -0.875000      0.309938
  589      0.750000     -1.000000     -1.000000      0.256957
  590      0.875000     -1.000000     -1.000000      0.275248
  591      0.500000     -1.000000     -0.875000      0.234171
  592      0.500000     -1.000000     -1.000000      0.194141
  593      0.625000     -1.000000     -1.000000      0.229579
  594      0.250000     -1.000000     -0.875000      0.125834
  595      0.250000     -1.000000     -1.000000      0.104323
  596      0.375000     -1.000000     -1.000000      0.151898
  597      0.000000     -1.000000     -0.875000     -0.000000
  598      0.000000     -1.000000     -1.000000     -0.000000
  599      0.125000     -1.000000     -1.000000      0.053093
  600     -0.250000     -1.000000     -0.875000     -0.125834
  601     -0.250000     -1.000000     -1.000000     -0.104323
  602     -0.125000     -1.000000     -1.000000     -0.053093
  603     -0.500000     -1.000000     -0.875000     -0.234171
  604     -0.500000     -1.000000     -1.000000     -0.194141
  605     -0.375000     -1.000000     -1.000000     -0.151898
  606     -0.750000     -1.000000     -0.875000     -0.309938
  607     -0.750000     -1.000000     -1.000000     -0.256957
  608     -0.625000     -1.000000     -1.000000     -0.229579
  609     -0.875000     -1.000000     -1.000000     -0.275248
  610      0.875000      0.750000     -1.000000      0.275246
  611      0.750000      0.750000     -1.000000      0.256953
  612      0.750000      0.875000     -1.000000      0.256865
  613      0.625000      0.750000     -1.000000      0.229574
  614      0.500000      0.750000     -1.000000      0.194137
  615      0.500000      0.875000     -1.000000      0.194078
  616      0.375000      0.750000     -1.000000      0.151895
  617      0.250000      0.750000     -1.000000      0.104322
  618      0.250000      0.875000     -1.000000      0.104290
  619      0.125000      0.750000     -1.000000      0.053092
  620      0.000000      0.750000     -1.000000     -0.000000
  621      0.000000      0.875000     -1.000000     -0.000000
  622     -0.125000      0.750000     -1.000000     -0.053092
  623     -0.250000      0.750000     -1.000000     -0.104322
  624     -0.250000      0.875000     -1.000000     -0.104290
  625     -0.375000      0.750000     -1.000000     -0.151895
  626     -0.500000      0.750000     -1.000000     -0.194137
  627     -0.500000      0.875000     -1.000000     -0.194078
  628     -0.625000      0.750000     -1.000000     -0.229574
  629     -0.750000      0.750000     -1.000000     -0.256953
  630     -0.750000      0.875000     -1.000000     -0.256865
  631     -0.875000      0.750000     -1.000000     -0.275246
  632      0.875000      0.500000     -1.000000      0.275282
  633      0.750000      0.500000     -1.000000      0.256979
  634      0.750000      0.625000     -1.000000      0.256972
  635      0.625000      0.500000     -1.000000      0.229593
  636      0.500000      0.500000     -1.000000      0.194150
  637      0.500000      0.625000     -1.000000      0.194148
  638      0.375000      0.500000     -1.000000      0.151904
  639      0.250000      0.500000     -1.000000      0.104327
  640      0.250000      0.625000     -1.000000      0.104327
  641      0.125000      0.500000     -1.000000      0.053095
  642      0.000000      0.500000     -1.000000     -0.000000
  643      0.000000      0.625000     -1.000000     -0.000000
  644     -0.125000      0.500000     -1.000000     -0.053095
  645     -0.250000      0.500000     -1.000000     -0.104327
  646     -0.250000      0.625000     -1.000000     -0.104327
  647     -0.375000      0.500000     -1.000000     -0.151904
  648     -0.500000      0.500000     -1.000000     -0.194150
  649     -0.500000      0.625000     -1.000000     -0.194148
  650     -0.625000      0.500000     -1.000000     -0.229593
  651     -0.750000      0.500000     -1.000000     -0.256979
  652     -0.750000      0.625000     -1.000000     -0.256972
  653     -0.875000      0.500000     -1.000000     -0.275282
  654      0.875000      0.250000     -1.000000      0.275295
  655      0.750000      0.250000     -1.000000      0.256990
  656      0.750000      0.375000     -1.000000      0.256989
  657      0.625000      0.250000     -1.000000      0.229602
  658      0.500000      0.250000     -1.000000      0.194156
  659      0.500000      0.375000     -1.000000      0.194157
  660      0.375000      0.250000     -1.000000      0.151908
  661      0.250000      0.250000     -1.000000      0.104330
  662      0.250000      0.375000     -1.000000      0.104331
  663      0.125000      0.250000     -1.000000      0.053097
  664      0.000000      0.250000     -1.000000     -0.000000
  665      0.000000      0.375000     -1.000000     -0.000000
  666     -0.125000      0.250000     -1.000000     -0.053097
  667     -0.250000      0.250000     -1.000000     -0.104330
  668     -0.250000      0.375000     -1.000000     -0.104331
  669     -0.375000      0.250000     -1.000000     -0.151908
  670     -0.500000      0.250000     -1.000000     -0.194156
  671     -0.500000      0.375000     -1.000000     -0.194157
  672     -0.625000      0.250000     -1.000000     -0.229602
  673     -0.750000      0.250000     -1.000000     -0.256990
  674     -0.750000      0.375000     -1.000000     -0.256989
  675     -0.875000      0.250000     -1.000000     -0.275295
  676      0.875000      0.000000     -1.000000      0.275298
  677      0.750000      0.000000     -1.000000      0.256993
  678      0.750000      0.125000     -1.000000      0.256996
  679      0.625000      0.000000     -1.000000      0.229604
  680      0.500000      0.000000     -1.000000      0.194158
  681      0.500000      0.125000     -1.000000      0.194161
  682      0.375000      0.000000     -1.000000      0.151910
  683      0.250000      0.000000     -1.000000      0.104331
  684      0.250000      0.125000     -1.000000      0.104333
  685      0.125000      0.000000     -1.000000      0.053097
  686      0.000000      0.000000     -1.000000     -0.000000
  687      0.000000      0.125000     -1.000000     -0.000000
  688     -0.125000      0.000000     -1.000000     -0.053097
  689     -0.250000      0.000000     -1.000000     -0.104331
  690     -0.250000      0.125000     -1.000000     -0.104333
  691     -0.375000      0.000000     -1.000000     -0.151910
  692     -0.500000      0.000000     -1.000000     -0.194158
  693     -0.500000      0.125000     -1.000000     -0.194161
  694     -0.625000      0.000000     -1.000000     -0.229604
  695     -0.750000      0.000000     -1.000000     -0.256993
  696     -0.750000      0.125000     -1.000000     -0.256996
  697     -0.875000      0.000000     -1.000000     -0.275298
  698      0.875000     -0.250000     -1.000000      0.275295
  699      0.750000     -0.250000     -1.000000      0.256990
  700      0.750000     -0.125000     -1.000000      0.256996
  701      0.625000     -0.250000     -1.000000      0.229602
  702      0.500000     -0.250000     -1.000000      0.194156
  703      0.500000     -0.125000     -1.000000      0.194161
  704      0.375000     -0.250000     -1.000000      0.151908
  705      0.250000     -0.250000     -1.000000      0.104330
  706      0.250000     -0.125000     -1.000000      0.104333
  707      0.125000     -0.250000     -1.000000      0.053097
  708      0.000000     -0.250000     -1.000000     -0.000000
  709      0.000000     -0.125000     -1.000000     -0.000000
  710     -0.125000     -0.250000     -1.000000     -0.053097
  711     -0.250000     -0.250000     -1.000000     -0.104330
  712     -0.250000     -0.125000     -1.000000     -0.104333
  713     -0.375000     -0.250000     -1.000000     -0.151908
  714     -0.500000     -0.250000     -1.000000     -0.194156
  715     -0.500000     -0.125000     -1.000000     -0.194161
  716     -0.625000     -0.250000     -1.000000     -0.229602
  717     -0.750000     -0.250000     -1.000000     -0.256990
  718     -0.750000     -0.125000     -1.000000     -0.256996
  719     -0.875000     -0.250000     -1.000000     -0.275295
  720      0.875000     -0.500000     -1.000000      0.275282
  721      0.750000     -0.500000     -1.000000      0.256979
  722      0.750000     -0.375000     -1.000000      0.256989
  723      0.625000     -0.500000     -1.000000      0.229593
  724      0.500000     -0.500000     -1.000000      0.194150
  725      0.500000     -0.375000     -1.000000      0.194157
  726      0.375000     -0.500000     -1.000000      0.151904
  727      0.250000     -0.500000     -1.000000      0.104327
  728      0.250000     -0.375000     -1.000000      0.104331
  729      0.125000     -0.500000     -1.000000      0.053095
  730      0.000000     -0.500000     -1.000000     -0.000000
  731      0.000000     -0.375000     -1.000000     -0.000000
  732     -0.125000     -0.500000     -1.000000     -0.053095
  733     -0.250000     -0.500000     -1.000000     -0.104327
  734     -0.250000     -0.375000     -1.000000     -0.104331
  735     -0.375000     -0.500000     -1.000000     -0.151904
  736     -0.500000     -0.500000     -1.000000     -0.194150
  737     -0.500000     -0.375000     -1.000000     -0.194157
  738     -0.625000     -0.500000     -1.000000     -0.229593
  739     -0.750000     -0.500000     -1.000000     -0.256979
  740     -0.750000     -0.375000     -1.000000     -0.256989
  741     -0.875000     -0.500000     -1.000000     -0.275282
  742      0.875000     -0.750000     -1.000000      0.275246
  743      0.750000     -0.750000     -1.000000      0.256953
  744      0.750000     -0.625000     -1.000000      0.256972
  745      0.625000     -0.750000     -1.000000      0.229574
  746      0.500000     -0.750000     -1.000000      0.194137
  747      0.500000     -0.625000     -1.000000      0.194148
  748      0.375000     -0.750000     -1.000000      0.151895
  749      0.250000     -0.750000     -1.000000      0.104322
  750      0.250000     -0.625000     -1.000000      0.104327
  751      0.125000     -0.750000     -1.000000      0.053092
  752      0.000000     -0.750000     -1.000000     -0.000000
  753      0.000000     -0.625000     -1.000000     -0.000000
  754     -0.125000     -0.750000     -1.000000     -0.053092
  755     -0.250000     -0.750000     -1.000000     -0.104322
  756     -0.250000     -0.625000     -1.000000     -0.104327
  757     -0.375000     -0.750000     -1.000000     -0.151895
  758     -0.500000     -0.750000     -1.000000     -0.194137
  759     -0.500000     -0.625000     -1.000000     -0.194148
  760     -0.625000     -0.750000     -1.000000     -0.229574
  761     -0.750000     -0.750000     -1.000000     -0.256953
  762     -0.750000     -0.625000     -1.000000     -0.256972
  763     -0.875000     -0.750000     -1.000000     -0.275246
  764      0.750000     -0.875000     -1.000000      0.256865
  765      0.500000     -0.875000     -1.000000      0.194078
  766      0.250000     -0.875000     -1.000000      0.104290
  767      0.000000     -0.875000     -1.000000     -0.000000
  768     -0.250000     -0.875000     -1.000000     -0.104290
  769     -0.500000     -0.875000     -1.000000     -0.194078
  770     -0.750000     -0.875000     -1.000000     -0.256865
